7559
2014
1877
6752
8851
3139
600
7095
1938
3356
9262
3101
2164
5671
5096
9947
7270
2427
4819
120
5624
87
8061
5636
3330
8177
7131
4339
1287
8356
4733
3256
225
2967
9330
7718
845
8255
6100
2122
9306
3943
2833
6513
713
8889
73
2099
8346
7537
7610
7719
4915
6318
9995
817
241
9420
2258
7142
4529
3932
3984
6845
603
9345
9917
2624
1426
9427
9415
3922
9479
4217
2360
6234
1618
8701
5516
1323
3854
4801
2062
3532
1486
5558
8972
6528
1582
1435
6779
3995
8129
3221
585
9380
3055
1569
765
3914
4865
2805
2799
2043
3299
3217
9104
3503
1655
9283
4351
5609
8601
5675
3870
7851
526
1450
2126
4569
6487
5574
573
7959
5930
2776
5276
1554
2177
9987
1091
6088
1096
2536
4910
8129
3840
6123
9826
6432
3635
1716
5441
3846
4773
2083
3970
9732
5101
4488
1433
4667
5972
6013
1113
5442
8726
7263
6651
1274
827
1125
4495
3587
3682
4334
373
4632
4334
1923
1555
5222
5631
8164
339
5890
3661
1238
1983
5683
4849
2733
3013
1162
6177
7230
7913
5968
1376
6368
2408
186
2488
1006
9267
3916
2910
3712
9663
6016
3837
1354
5548
7538
8783
7376
3433
5795
334
5683
7074
1094
55
2203
3489
2597
2250
1621
6558
7352
6673
8723
374
1053
9137
2573
7916
799
7118
5409
1201
858
7879
6916
6031
8697
1697
8520
1208
9534
6956
3897
9262
4310
2406
1381
8802
6551
8404
5848
9437
36
8816
9946
3016
3563
6041
700
4898
6663
136
1136
45
7767
2398
5480
6749
9226
9981
4995
7398
8646
186
2914
4834
8472
7874
5815
7957
2373
1061
6814
6807
2158
892
2206
5885
1954
6530
6913
7511
873
7911
5222
8733
8493
6922
8466
6874
8797
4974
7961
1274
9162
6950
2953
4578
8426
7028
8358
7721
7694
2754
536
3787
6549
3910
2072
991
1040
7768
3838
2776
6673
7707
6782
389
7397
6119
8934
9414
9798
7060
884
4819
9182
2871
2131
7527
7992
553
5419
9669
4102
8148
9966
4250
2957
5464
7933
3979
8979
1156
7447
8764
1933
4849
7960
7939
2801
4957
6648
9525
8022
3930
4010
5772
7463
482
4358
4684
4411
9161
3136
5773
908
8798
3461
9961
8599
3664
4270
7259
7688
5211
3851
1060
5933
5523
4288
8966
6796
9858
5919
8065
6003
784
1018
2686
8401
5130
4796
5166
1792
2961
3843
1034
8060
2947
3299
7840
8353
353
7387
7711
8772
6384
7239
4241
9589
3720
6908
7791
3471
8818
9331
5605
1430
9548
8229
7476
5224
8428
9579
1684
7737
707
257
6679
9864
2231
1466
6683
2510
810
5822
8762
8399
1050
117
1458
4430
2005
2183
3869
8577
4853
6621
1469
5403
3069
7223
7081
4896
874
5813
5901
5251
7337
3126
2366
8061
4438
8452
4501
7457
3072
9347
7275
5816
6318
8735
2485
2893
1536
9499
8563
5112
4533
437
6331
3630
9044
9536
8482
734
131
1885
4775
7731
2089
4468
6741
3088
1237
6795
9536
7530
9742
7200
3603
5238
4340
5586
4399
1411
9916
2135
4511
4664
9528
9883
9767
3225
178
8242
9617
7400
2405
7731
848
784
9118
2555
9822
8777
3882
3328
2108
2703
173
6835
8444
3248
8231
7356
6178
5673
9020
5015
5436
4133
3880
7375
6646
807
8097
2899
6234
9071
835
5834
7702
4347
2521
1269
9658
6505
840
1964
1234
8192
9390
8829
4162
1027
6031
4402
375
2829
9172
2972
2388
6186
1308
12
7670
6840
399
777
1084
5927
2858
1425
6849
3775
9417
1177
9305
8101
2046
5719
2009
4298
5664
5046
5135
1049
1361
9336
5862
6103
3972
7904
8320
7945
8344
7734
1968
8368
9803
3569
5484
739
67
9150
4683
8728
8466
1696
5076
4159
5399
5733
4818
737
5074
6045
5276
6161
6985
5849
1309
5663
7545
768
4298
269
3472
7587
7892
8715
5051
7697
3924
9888
3233
7338
9717
1925
2275
3863
5307
5269
4674
382
7061
7707
6913
7162
434
9618
1734
3824
625
487
476
155
4080
3319
2917
7519
1122
8928
8341
2244
9922
3138
3431
4571
7238
9784
8388
478
2265
8706
5853
2779
5606
1874
7049
2919
3924
4294
8110
6729
7733
263
9212
6247
6801
5169
7600
9481
1942
4514
7104
3023
6523
9687
8588
7289
5999
8789
5477
4170
5839
3406
9642
3570
8377
5558
5907
6350
8757
4497
8470
7067
8121
7473
4016
8109
2917
6630
3989
2361
1107
6109
9428
438
6940
4214
7344
4288
294
9485
452
2896
1578
4477
651
5612
1981
3012
5147
4088
4713
8762
6663
2026
3403
2393
3801
787
8285
87
9186
7340
7456
8906
3766
5537
6300
1031
123
9704
9010
844
3686
4626
9060
2059
5476
8704
8850
7949
816
9985
4647
856
9072
1169
5611
7146
4319
2320
4659
8833
4467
169
6861
7559
3304
963
2225
8242
9307
7496
316
1990
5181
5027
9377
2048
8837
4491
1478
4792
3257
4333
3932
6555
3690
7290
2533
1034
9026
8245
3016
5020
4825
1901
4266
6044
9145
1291
8577
7474
7746
6124
8419
6045
4193
9286
7811
9910
8353
6675
4605
6028
2038
1024
7071
1612
5128
595
3382
6535
3622
6963
4783
6708
1817
5565
8362
1278
5383
8061
1878
3855
160
1711
6238
6556
5685
5725
9337
2018
6496
4572
3276
9725
7075
1492
4565
9951
4347
253
4301
3714
3211
5810
4236
1395
8319
3577
6159
5624
1844
158
1781
6646
5565
8740
8297
4661
690
3307
9192
2820
5635
6513
4101
5293
8440
6394
7374
9706
8423
6836
6693
371
674
4145
3858
5023
4363
2663
8544
8861
6250
8643
6302
7143
5949
7259
7197
6307
2562
3992
2268
3505
5011
8482
114
6995
7002
3183
9907
3856
1490
4913
1474
9884
3079
8300
7857
3204
4986
7780
9569
8625
5441
768
7720
5170
4385
7758
9719
8832
1625
3980
5786
2551
6055
2047
8491
212
2410
3902
3096
3278
5646
6731
6947
1366
5367
8980
2213
3441
4817
9604
6036
8911
711
5494
1734
5849
822
4363
5535
0
5956
1997
5313
2863
1195
4153
5814
3686
72
9724
839
4270
2322
4994
1255
4920
6570
6925
6838
2121
2344
2783
8679
7354
5485
3188
5586
9929
17
3376
9151
2092
7179
7164
7707
4829
6727
8609
5368
4910
913
6955
1589
1011
3960
3730
8892
2722
1841
5815
41
6271
4489
1638
2598
160
2697
813
4965
3270
9669
8640
2567
23
846
1880
428
5513
8032
9037
2726
5222
5841
9466
2061
282
8534
6671
858
8813
439
8013
2144
6041
1349
7706
9571
6061
2701
3891
7149
2581
4771
9539
5290
4326
6281
1410
1296
9760
7810
4398
4682
1182
7999
2290
7180
2165
4517
3641
4676
1683
2780
4596
4926
262
9232
287
986
8517
8071
5956
7046
291
6195
7890
8295
7191
8532
2600
9558
1523
810
590
2416
315
5321
1388
7498
9705
4959
4612
863
6926
7534
9633
1776
2163
8746
3276
7434
7150
98
3883
349
3495
304
8515
8529
9584
2896
5907
6126
1740
6169
7759
844
3429
9413
4050
7396
6231
6607
7826
8011
8502
5323
9947
9626
4513
6743
5557
8160
196
13
869
7102
6718
349
8598
6564
9
331
8024
8542
2258
4677
4265
1141
6568
8025
1409
7804
4511
8096
7805
5882
2783
3984
784
5354
6844
3602
6950
9584
7866
1416
5002
4975
8081
7386
2922
6267
4031
2940
8337
1708
6215
7059
3817
8147
894
5318
6626
1175
3820
9030
3677
9426
9926
8980
6784
1809
8508
6252
6104
1577
5511
9255
8680
9966
7110
425
6133
9767
9934
5268
5812
1643
3954
345
9506
3298
6291
8113
6462
4148
2918
7062
8356
7647
5883
2980
4685
8262
531
8520
7657
6258
602
2708
2055
7924
1079
492
7828
6083
7703
7801
1696
3210
3409
1891
4548
7788
919
8567
3104
7684
2011
8287
4730
2749
3024
2439
4985
6960
5580
9068
9354
4325
3898
726
4134
8038
9720
4690
6804
3927
5798
7645
6398
2582
8739
9734
705
4763
5706
107
2153
7927
4252
481
9795
3542
8052
2915
3474
5399
18
3798
3654
2744
8071
7671
5458
2299
1974
5867
2410
3118
1184
4049
6843
1892
1324
6770
6483
7567
1022
2029
7882
1294
7378
1663
1386
3738
5443
4151
4229
9687
2071
918
6120
849
555
9330
2923
2631
2829
6968
2792
3478
7
6039
330
1723
981
8400
5512
7663
604
3141
2374
339
2714
273
408
9101
386
3231
7450
5384
884
2581
2026
5406
8910
9182
9571
155
3172
6736
1867
9977
2152
904
600
5015
9301
1576
520
6484
114
6478
2157
2707
1047
877
6588
6366
7205
7420
3068
3367
578
3680
2039
2833
4676
3653
7260
4030
5247
209
9005
5277
9580
3343
6508
277
3467
420
535
5551
2088
4892
9069
3778
6364
7395
6945
5851
7456
281
9672
8205
3276
2831
4327
2055
2373
2555
7266
4024
8580
2080
2614
216
3173
4406
7246
7817
989
1487
5876
9214
3246
8026
3582
7047
836
6949
4353
2101
8695
7975
91
3612
2776
2887
2547
7618
1395
7675
2782
3631
1980
1767
5188
6861
4358
7341
9984
7135
3473
8640
6286
4165
8725
6830
7028
941
4856
3646
5436
159
319
1135
3029
9037
1493
82
1962
68
4074
5225
122
8088
8725
6065
6073
6799
2816
7592
1801
1212
5944
4361
3797
7153
1467
5286
5603
4210
12
9379
190
8484
9795
618
8144
7561
2594
4238
8111
4384
2327
6789
8855
8338
2087
4913
9997
8826
3324
2613
9848
1053
5267
7109
787
7111
6544
6371
67
5670
6322
5431
5961
2736
7174
803
722
5853
8659
6112
292
3273
6829
3365
4067
5761
2344
720
426
1287
43
8270
2041
6657
4595
4379
3249
1960
5803
4090
5887
9449
9149
8003
3701
7254
3356
5953
5172
8869
4860
2180
2141
6769
8693
8534
9329
6272
233
2936
8317
9522
8927
2271
4202
7123
1055
6183
9898
2161
6252
6382
5119
6563
1035
6367
3701
451
7358
451
748
2070
4504
5040
2014
961
5058
6280
6566
8860
8756
9560
6114
6561
6031
4471
3302
7484
3643
8348
3573
1056
5711
8337
6950
4143
5152
9825
5591
5812
7818
872
9316
6873
4836
7870
4286
8711
596
1293
2628
6830
7597
6116
6398
2706
9316
9877
6636
2816
7868
6683
4461
3256
7320
1418
7649
1493
4842
8840
1713
926
2538
3715
521
1058
3429
59
3150
2715
9226
4682
5241
6933
564
6134
6269
6434
3710
796
1920
7613
7985
7867
5855
1913
5398
377
6763
1362
5796
2435
9298
1886
2565
4831
3617
8540
5898
8560
6892
6960
4454
252
201
9508
8893
3235
8825
3097
8172
8768
270
5766
9043
4854
3706
4859
9889
4023
1358
7583
6884
3248
421
323
4280
3591
8257
5875
6068
4478
5846
2292
9108
8734
9742
4598
4917
1456
7883
5669
6411
9613
5088
7506
1029
563
2569
2994
9206
5667
7804
5531
9151
1282
4100
1979
9294
4330
729
8730
9627
3607
1196
3735
5165
8759
8030
9942
3539
224
35
297
1897
7005
3084
3753
2523
262
5032
8612
1428
7415
5740
2052
6326
8971
8727
9943
3920
7475
6739
6297
2033
7344
8772
6640
2792
849
435
8475
6278
1665
2006
1300
3035
4470
8018
7006
8824
1579
5228
1430
5860
7802
5685
7942
3796
1047
6283
159
9146
6188
9968
2615
4963
9062
3896
1834
838
5075
3379
7011
2101
4984
6672
1945
9838
7084
1379
1993
6
8355
7917
3443
8912
741
6347
3038
2635
219
6735
8605
9060
5183
8783
79
173
6606
3381
6960
4446
8743
5761
7495
9211
8145
6653
4043
1636
9838
1699
1086
2341
4007
3792
4987
9925
1628
7730
4084
8894
4491
7386
2023
9489
9271
1387
9291
7468
1384
8797
3878
3015
5006
6519
6491
963
59
5043
3250
6288
6555
295
8163
6949
3149
9775
9087
2567
2245
3579
6060
2735
4745
8459
1547
181
7295
6322
9199
6977
4714
8470
6814
6331
7426
4560
5219
7804
9558
2282
2104
7403
8582
2831
4550
5221
4411
4637
127
1196
4978
7443
1437
5305
3672
7955
4516
2837
2211
5689
7103
1198
8580
7831
6976
7420
2932
7599
1031
9331
6612
2439
6259
3327
8081
7353
4397
4339
3764
6948
917
482
178
7517
2669
3618
519
7939
863
6417
9595
8324
2760
2113
3452
1973
8163
9303
6034
5986
8623
7782
2642
397
682
5712
3995
1266
8421
9169
3243
4535
6369
729
3336
5838
7871
8630
7146
1406
3417
5638
8150
4075
2834
4887
9974
9538
7875
3234
2655
2165
4383
2745
2595
6224
2372
2089
4639
550
995
1229
1386
3040
1737
5607
3027
1687
3241
3406
9049
5315
7751
463
5682
5157
7130
3228
2859
891
4846
1887
47
4021
7053
9280
3515
5244
53
6633
7469
8946
4080
7731
2714
2448
561
6661
5716
4730
2964
5999
8737
2322
1269
7493
3201
3606
9398
2683
29
6151
6107
5442
9549
2300
5437
9720
2494
6396
5117
3401
4751
1450
6535
8590
6917
6188
2412
9801
9054
8633
1069
8707
1868
3438
7876
890
9373
586
3331
8105
6175
6844
5404
2416
9976
5946
5686
4875
4609
9181
7244
7247
9100
8821
6046
1364
1834
5549
3158
4904
9442
7585
1693
5805
5686
6661
4357
4742
5032
9183
1105
6363
1691
2298
3138
3045
4955
2602
9343
8250
1054
9344
7252
7565
4792
7385
1351
365
9163
7111
1781
6717
9092
2072
6561
4634
4127
4793
7979
5463
3158
22
2251
8184
3039
2217
6420
9319
523
4321
5378
3511
6674
2297
2910
2797
5552
3398
4732
3818
1921
3067
5567
167
1559
2660
2511
6065
2900
8040
1648
3295
6292
9261
7117
1733
8643
9636
8632
2392
1749
9016
7891
1484
8986
5200
5169
7075
2011
941
8191
3457
1474
1067
8718
9888
1504
3428
6270
6378
1273
7080
1065
7024
3449
3035
1356
3407
108
2446
2289
1534
8457
8311
1300
3041
9701
3286
6374
7767
3644
5170
2568
5753
4111
8728
2088
6728
4546
5799
9972
9428
8168
8079
5100
9263
7789
2852
2517
223
8185
5729
3558
859
3229
5814
7564
6135
4911
912
5325
7580
5036
5800
7453
9323
4574
9975
6892
8179
6856
8395
9519
9632
7380
7284
3571
4848
5186
8922
5640
4949
8106
3450
4182
9639
765
7026
1271
7256
611
1778
7939
8884
4426
7136
4925
6289
3637
1872
9350
9980
6518
9014
6659
6366
6311
5055
8925
8042
9170
5104
9441
8960
5488
8369
2389
8374
8494
2920
4172
5405
7505
8502
3529
7124
8300
8267
2329
7235
9682
5745
7797
1649
2603
4312
1771
8292
761
2616
7508
1854
3595
9023
6687
2671
6177
7754
8287
2286
1146
4343
6019
4689
7243
1646
4189
7852
8945
6592
7332
6626
6387
757
2996
6016
776
4457
6039
3570
1590
7353
2332
1803
9071
9756
4555
3730
2322
9575
6200
2256
420
5903
9443
4990
8457
2089
6708
6589
4822
1934
920
2909
7767
8386
6751
2590
7157
3621
5061
7024
8960
1565
9419
9889
8969
4495
3115
6885
7395
8976
430
7380
9050
7157
4030
7474
9191
1823
2316
8821
8217
1061
9957
2075
778
446
8444
8753
3030
4886
2667
9232
7673
4356
6927
1100
4773
5001
4237
153
5319
6908
6020
5379
318
9664
4924
3811
4338
7967
6384
363
7691
9137
1088
5774
8239
9155
8964
8511
6477
7289
5977
7457
4005
3193
1653
7350
6181
3783
3225
6940
7976
3430
3149
5388
2346
2482
6407
3623
3073
4501
167
9709
3715
7044
8060
2907
3672
9473
6370
4674
4041
3026
1629
355
7686
9619
2155
2799
1811
5072
1713
6689
1716
8206
6423
31
8337
3267
4647
7805
7129
2612
6251
5732
7839
87
4980
8902
5972
3896
8670
7782
992
4766
1830
1240
9388
6029
6618
5678
639
248
8914
7387
2113
9564
1536
7214
6276
1860
640
2405
4632
5532
6924
3286
196
4668
3310
9547
7252
6085
8456
2306
7901
6129
3268
164
5109
8283
4724
1768
9097
3157
5846
6663
7111
1121
7213
5012
8704
441
565
9997
8139
6901
3438
2187
8051
4654
8622
5146
1116
5895
1653
5325
121
3527
4014
9045
9999
7201
4854
3098
1535
3441
7882
8536
353
2038
8737
6710
7400
1754
9646
2476
7479
5573
6331
5492
3625
3528
1252
6961
6290
5051
3287
3648
5870
5190
8359
4697
754
6924
602
8349
9764
3841
1851
2350
2112
3234
6117
2517
9454
7040
6138
8199
2880
841
1849
6448
9570
1362
8768
7778
2826
8070
794
7997
9154
5729
5985
1885
5238
6379
3654
4257
936
1579
34
509
7111
2605
3635
4813
5720
1386
8225
5791
910
3462
7700
4055
1439
6785
8140
5632
6182
6762
862
8314
5176
1762
4420
189
5079
407
4285
75
5847
4794
7843
655
6988
2602
573
9810
9260
7269
8936
1918
7284
9763
9684
9950
429
2310
9901
9648
9527
7412
1110
734
4689
6154
4848
5343
1023
1056
202
8303
3289
2890
7626
4391
2924
1152
7398
1630
1992
8084
8761
335
9266
1293
5338
6942
9985
7008
5579
8677
417
5421
9386
9770
8592
5967
7358
6872
5669
17
4277
3706
5210
7248
5015
8565
5781
2817
2336
5758
3841
5336
1058
6270
793
337
8168
5134
2570
8190
3278
6852
1612
9508
606
2971
4650
6228
9610
2739
4180
2732
1856
2237
2606
851
5597
9122
9375
9244
829
661
7309
1621
8499
4230
7591
8933
8328
3252
2083
3768
1372
4076
5190
1838
5885
5650
7063
6222
7539
5217
1986
2771
692
3572
5018
4063
775
9676
3164
8446
2707
369
2856
8855
8180
333
4124
3202
5093
8527
4267
2576
4476
6570
7288
8801
9657
9796
506
3189
7179
8190
9322
5237
8129
3586
631
5020
6014
3643
7839
8502
8612
898
4369
7581
3994
2509
2619
9778
7522
2990
9966
2127
9944
1077
6039
6019
8899
9551
1951
5050
3111
7183
847
1421
7827
9349
6081
7658
813
2861
5331
472
9494
5346
5571
4211
3195
403
1145
2029
3288
8868
81
2026
1689
9441
5004
5296
6594
7137
5311
2972
8230
5968
3727
3000
2402
7682
3011
8396
1764
4216
8131
5839
6550
843
7200
7619
2235
7192
4431
5044
5520
4122
304
5797
3479
2936
4250
6628
3043
2100
9434
9318
2053
7772
3442
3149
1527
7000
3335
589
263
6853
4760
2345
3504
6441
5036
2931
2691
114
5351
2575
3555
4090
9883
341
8135
7694
2111
5408
2479
8985
5564
5345
7595
4507
3487
6638
1544
1931
6988
344
6781
495
5827
9371
7209
5913
9781
7798
6731
7897
2897
7478
4136
5166
7453
8442
3772
321
2880
3753
7183
3403
1614
452
4200
7840
3036
4941
1318
7968
6067
5170
785
8418
5488
8044
6181
7306
163
2449
4898
8326
2777
5580
8945
4318
2834
9964
8665
2450
1443
901
3286
3653
9176
808
4324
6571
2678
8459
7854
3875
3637
756
9814
6735
2698
2735
1155
6823
6362
7636
9850
9327
1644
8754
4847
5287
4397
5792
8707
16
2435
992
3661
371
3852
6166
3833
1674
4144
1040
9824
3037
7522
5804
2609
929
4794
1456
8351
6849
5392
5624
3074
984
5322
3780
9849
1135
5572
9420
2176
1471
364
1702
1985
2324
1731
7949
4115
6888
9215
993
3403
8781
1940
9616
6963
5973
5106
9020
7239
129
9544
818
9188
8409
2947
4410
3237
4898
9049
881
6099
2943
202
6554
6242
8470
9797
8652
452
29
1480
1397
1185
343
6024
5048
5389
4231
6601
9688
8583
8530
7571
3188
7682
9998
4884
8400
1336
7608
8145
1704
3298
3131
4071
7861
9507
601
1659
4254
5596
6545
3128
372
6142
9250
849
5365
7642
6005
7126
476
4603
8755
8496
8657
4564
1180
5819
8700
2622
7705
8437
7019
1549
241
6303
6682
2324
7537
4644
3826
3478
6949
8116
4957
9561
5874
1101
3802
4366
1712
1213
7585
1003
1944
4841
1942
6528
940
1872
8169
3957
6662
7688
1691
559
6489
6254
2240
9879
5515
8896
1186
8270
8160
902
63
2935
7580
5286
2603
7664
7615
8983
2930
5643
475
976
530
4179
3746
6178
1085
4690
3418
4455
6697
3624
7617
9962
1952
3419
6346
7802
318
1744
8895
6223
9506
325
588
2888
4084
3694
8953
5181
8104
2629
3969
4985
4726
7691
2478
6447
5928
875
6580
2652
8367
723
6022
3209
6956
8305
3648
3277
4047
5933
9922
9684
9868
369
9996
7398
3361
5532
8954
547
4102
8202
121
5603
1572
3956
6162
9118
8186
3333
4280
5933
2768
2343
2436
8333
1753
3709
3367
1704
1827
1331
3593
7730
7814
8345
5866
2799
7626
6641
2913
6577
2947
4299
8289
4584
2486
6017
2108
2399
2118
7392
2625
7829
9392
4378
9003
1461
3361
8743
5664
5704
433
3741
6480
895
2872
7219
6287
1036
3539
6716
2934
9361
6519
4895
8319
5185
4507
1864
7860
8882
4624
6104
2566
8719
4285
9300
2575
8012
1218
7300
9923
3986
1437
8439
7842
815
262
4772
4820
4044
90
234
4371
8649
337
7683
9622
4556
8732
4973
4505
8376
5165
7261
8425
2769
6198
8847
3968
6192
2328
4900
6669
217
1069
1362
7228
2384
8342
119
4503
3589
5357
3254
3779
9177
7298
7328
134
8454
1504
2704
1846
9835
5662
6653
5705
5018
7180
5897
8925
3620
9379
1800
6435
2333
560
2456
6202
7407
7168
8670
8778
5162
8429
7494
6725
6589
2953
6360
2974
258
3995
6066
7459
4299
8837
2890
8668
9657
2604
5199
2925
8618
2087
489
5218
5613
6307
333
4445
5488
1870
8432
5953
6430
8698
4800
3868
6409
3652
432
1475
7937
2691
7713
5292
6415
3459
5745
1462
4818
4066
9006
5864
6254
4056
6499
27
5619
9587
4948
4375
3266
7122
2192
6441
9569
1591
266
5616
5174
4974
4906
3938
132
4879
7035
2038
4562
2317
8270
2604
4796
5344
7198
7031
2084
2950
3142
3386
2904
7743
8690
5491
7725
3316
7479
9941
6424
428
5462
1404
5055
5695
8865
7381
121
7788
5055
645
1786
1489
590
1040
4999
5390
9952
7417
5064
5780
6840
9411
3614
4034
6192
1462
8294
5024
6550
5123
3699
2221
7036
491
3184
7021
2454
1680
6137
2640
6780
953
1327
1006
2124
5356
8253
7425
7677
5951
9008
6903
8685
5879
8775
8670
2382
9927
8590
8845
8017
18
4330
4037
5337
1806
2316
8771
4312
2268
5687
9198
3600
7006
4719
7912
4961
7073
4309
7037
5219
5086
2559
5779
5393
6099
3519
9732
4745
4332
5425
5359
1520
4343
8648
97
829
1556
6479
5715
9664
6384
7933
5973
7439
7593
4325
5905
1579
6026
3575
8910
4486
5320
6885
2406
9337
1351
9986
3378
5892
8253
8667
92
3487
4391
7243
8372
3843
4541
1012
9052
9689
1856
9741
1731
1930
335
8688
106
9916
857
594
281
641
769
3184
8852
8108
9471
1989
6365
6547
7067
222
2994
837
2190
5206
5645
5794
7611
1624
3695
677
9156
9068
4537
1576
8721
6223
6286
8171
5871
6861
6151
7140
491
4641
6707
3320
4665
5168
6563
262
152
6077
6319
9808
6779
5948
6287
3146
682
6129
8970
6980
5093
3245
3864
5473
4112
7390
6405
7407
5078
8306
1639
512
2333
2579
8265
8758
6488
5260
4681
4672
8297
7526
3875
9225
5109
6351
1652
8660
6009
8139
6050
8033
2203
9867
5428
8225
7341
2753
1537
6634
3347
530
9621
2334
8293
8864
3894
5380
8245
6358
5910
1045
9548
9186
7475
1888
1681
3262
9252
6267
9587
6573
3836
9821
4728
6608
9539
5657
9266
7128
3109
5475
798
1825
2869
8442
6051
8226
7082
8680
5732
7595
8521
4652
3393
4713
572
3485
7155
410
3788
6239
966
7071
202
9046
9574
2152
5665
1554
7994
4369
3055
5120
1065
865
4019
2005
8674
7763
8571
7888
6838
5953
485
1069
4375
6407
9953
4483
2040
3417
9348
754
764
3510
2516
2915
9500
6934
2676
8424
39
2112
4907
2372
8326
100
2470
6740
3221
2539
5048
1685
239
3988
7365
4227
3904
7062
4982
4174
4996
5880
4203
9786
5361
1010
4870
6401
2392
6948
4877
2251
7964
1184
8492
5641
6370
5051
8713
1056
7328
6440
9521
9007
7055
3559
7723
7088
2420
6338
2216
5368
891
1509
8975
8844
3454
7048
7957
4470
7821
9015
4887
1566
1357
1618
920
6609
6686
6360
5592
3208
9506
339
3096
1198
9698
3844
1377
6747
5906
154
579
5062
7591
9441
293
995
7012
6962
9236
2317
5625
692
8169
7396
811
1652
6094
9285
5205
85
4601
6553
507
4703
7380
3482
9625
6130
8403
7158
506
3404
982
5444
756
3966
1086
6976
7159
3360
1999
3006
9197
376
7657
7853
972
1773
7327
41
5668
7243
2993
1291
9119
477
5129
5381
8896
4952
3426
799
6692
943
80
2627
8184
5944
152
5147
7137
9892
3337
4637
7799
5831
5602
5127
373
8800
7963
5321
6801
506
5876
9748
6518
6334
4522
2030
5481
5238
4790
7738
4130
7370
9630
757
9338
2595
9269
5979
8837
8087
7038
3942
3381
5515
769
7354
1356
5007
9337
9819
8412
5167
768
3880
2803
7045
7825
2957
7140
1192
4521
3496
5605
1877
9387
3595
5910
8565
4336
1958
850
5302
2705
2967
378
5955
7200
8164
4108
2147
1523
8036
3533
3720
8856
1177
8009
271
7030
8762
4547
5976
7083
6613
8062
9668
8032
107
7313
9650
5268
7925
5422
9588
4630
1898
5154
3182
157
1770
1636
1650
2853
2419
4534
7967
2102
6524
7662
5776
3029
1882
6601
8779
3839
6155
8031
6394
392
8794
5519
8819
4643
9300
120
9501
4571
5475
354
5937
1266
9093
9420
4392
3402
6040
7681
8732
4326
2406
4572
7487
4575
3514
6586
4578
9009
1733
1883
3244
7304
7407
4631
11
5190
5037
719
3857
2861
9347
4655
1248
5365
9247
182
5896
2582
5603
9638
3773
7344
1354
2327
8300
190
1998
1800
8803
2997
7120
2901
659
202
1481
231
1350
7768
9127
486
1427
7176
8710
7418
5371
4870
1651
4989
4441
9481
1324
422
8351
7421
8620
5747
1238
8435
1645
2644
4488
9469
6989
6753
5153
6537
1987
8904
6139
2006
9901
239
322
7144
8047
3273
7366
7562
1844
274
2236
7870
7526
3253
1632
5086
1438
4411
3728
1668
176
4373
2693
866
4091
2233
717
1947
6379
5325
9385
3871
1172
8741
1001
7081
6673
2076
4116
5049
9996
7974
7692
8331
3677
6636
3050
2958
1616
7020
6226
8162
9287
7397
6516
4358
3926
6777
5684
6734
7644
6511
7658
7509
7887
2362
1170
2172
8571
5183
5590
5579
2638
8099
3492
9799
9578
7196
8567
6933
357
4326
1141
6026
4734
3314
4107
5100
16
1201
403
5010
5781
664
1861
8608
7802
3093
3740
3612
4461
9597
4050
2044
8266
7410
185
7974
3491
3845
7590
3465
7965
5117
1547
7641
1454
1531
3076
2259
2919
2254
8360
755
8377
7885
7833
6428
3465
7020
860
4746
1488
8620
2552
7969
6595
7181
5794
8391
2865
8207
2463
7415
4968
9097
3298
7140
2937
4099
5362
1165
2364
9225
162
8608
7207
7360
2380
4967
6516
3298
4701
887
7578
7007
7435
8801
651
9917
8365
4362
3879
8024
8688
685
2258
1966
5799
855
4162
8762
7732
9230
3516
9235
1068
1762
914
6836
6259
7809
4617
2074
301
8094
9953
8799
9905
3170
9771
7326
2571
1153
2921
3093
2985
636
2113
6743
5009
8025
9258
364
5014
315
2743
2819
3228
7127
7150
8763
8383
2372
6770
3690
7238
314
5996
429
7083
8039
5050
6280
5970
5906
30
8979
4296
7432
2004
459
71
1272
4251
8451
3611
6947
1794
1891
5161
5739
1950
7719
9282
3189
6438
3715
7944
9847
3674
4355
5046
3183
8248
1540
2439
3114
4450
5762
5475
4625
2819
6828
5455
621
7245
6250
6785
9139
6946
1333
8233
6693
1229
6858
6005
2220
871
9680
4018
5307
5927
431
1253
8890
9822
7875
9489
5116
4142
1092
2590
3677
1248
6341
3741
4988
8829
6184
8538
2005
8586
3510
2614
1512
6688
1288
7949
3659
1378
3779
7972
2876
6864
5726
9012
7789
5383
7112
6399
5767
8288
402
6071
4128
1045
2415
9659
8585
6458
541
4296
2887
5708
9144
877
8167
9214
82
9102
7691
2279
4078
4160
2114
6086
9712
435
3534
8934
7687
3227
8563
2115
8299
9219
6372
5178
1076
4825
6459
8185
2261
8763
6933
287
669
3302
9736
3859
1427
5936
6564
7916
9915
5000
8761
8613
4132
6704
1972
5937
680
8069
4772
1083
2235
6834
3675
3070
2845
6712
3383
4543
542
7366
2981
6343
1554
3093
3186
7053
5289
5226
5169
9970
3314
1400
332
2708
6922
7829
3387
6843
5247
6591
5750
9751
317
6175
4909
1494
7303
3945
6268
9856
9301
8095
6625
883
225
9534
5781
7579
6344
7835
5770
7202
262
6955
6045
4575
2056
7813
8242
8383
2152
2600
1369
2180
4297
2423
4953
7095
9167
5641
6993
5442
6113
7394
8256
7079
9643
2412
7806
6436
1682
6913
4644
7891
7415
5682
4022
2638
5772
6592
812
3381
8794
5068
2012
7889
6416
4692
2045
5385
3760
5960
9511
1637
338
6510
3105
8070
9816
6255
9544
9633
4513
8350
9895
134
3082
7947
867
4334
4675
6932
8717
9823
4461
8431
2011
6789
2958
4325
3933
6104
1418
8060
8237
9071
6559
2281
3562
9044
8758
5210
8666
6409
6410
7651
3194
4621
7479
5086
3617
4282
5099
1840
1880
9258
7598
63
4961
2387
4113
8922
3334
2400
9085
6568
5883
8910
410
3096
1303
9591
5581
5083
1214
3922
6795
5552
4348
4842
2244
7543
1989
2913
4722
1221
4941
8565
3867
3179
8575
4767
8675
5906
3024
8974
8112
952
5824
7974
4257
7507
837
8225
2786
7951
1321
2245
9
1010
79
400
4558
3561
3553
4678
9930
9012
6669
4426
3715
9484
8903
7385
8714
8982
3645
8646
5381
500
7670
6243
330
2173
6354
4361
3442
2270
9627
7093
3970
8286
3414
3001
5252
4502
6621
5649
9171
4503
1055
8875
580
4928
7840
4262
9038
2613
6530
2132
4386
1459
4215
5144
5880
8513
5744
2229
6452
5867
8095
6807
9250
4620
7228
5302
1523
6479
6043
7561
3650
9665
6122
7939
9091
5700
1954
1191
3109
9045
7320
1264
1877
2649
8824
7794
1699
4508
2420
3581
189
3
4744
7862
6298
908
5022
4881
6440
3424
2959
312
3907
2022
2865
5522
4406
4382
4223
7257
2695
4503
8252
1529
4153
5186
5349
9922
9211
9158
8565
7479
1907
5845
7882
447
5529
1875
4085
668
5986
9082
7442
3537
564
3953
9564
6688
5742
4317
253
7789
6224
6252
3939
2548
5955
8694
9765
5649
9591
6378
4333
1001
1525
9787
7003
8121
5496
1689
5048
7363
6784
4850
4421
8525
2890
4995
3345
7033
9844
4158
5468
2968
8551
2143
6435
6817
771
8460
8341
1419
4729
7124
4050
1869
7768
7702
1712
2545
7339
5532
8256
5504
9218
9423
4089
4597
1709
765
5293
3251
6483
5049
6086
5225
3835
8986
1492
9539
2344
1558
2461
3217
1064
3764
7753
1283
7444
2962
4436
44
7830
9157
9512
485
6493
8625
387
6663
6475
9512
4073
5433
6933
9123
9953
2846
5299
8871
1399
7748
8865
4074
4626
7249
5350
7636
1144
9141
6411
669
4965
3105
380
6975
7454
9928
6854
3330
3185
6704
1116
6912
2032
9050
7983
5727
2353
9792
2605
257
7269
1668
5688
8407
6831
5981
7138
2089
8168
393
166
4887
5042
9487
6527
9120
295
3406
3411
2484
6908
6469
1280
3244
7045
5009
9154
9012
3836
6406
3042
2400
1252
6835
5193
4894
7933
3022
154
7692
254
1441
3541
7511
750
7680
4049
4669
9377
2176
7522
3143
9513
70
2228
6858
8779
7075
1491
2525
6049
5049
1430
9542
1810
5660
1300
7181
2321
6962
3119
8838
6361
939
8843
2633
3406
2475
6391
2333
5913
1672
4691
8725
2546
6832
4661
2182
1307
2962
6863
7036
9350
7215
4432
1779
7905
4661
6597
6061
6895
6540
1168
2369
9730
525
6039
9153
990
3846
2187
2537
4117
6353
1326
6846
5371
3558
782
5914
6122
1030
2719
446
2840
3476
9945
154
3471
1370
9882
6803
7095
6372
3467
9612
9350
3328
547
2155
1767
8563
9504
9688
4613
5298
4393
7347
9311
3145
4739
4150
1036
1508
8028
7359
2295
1599
5800
5994
2801
8243
4655
8438
9008
6558
835
8640
5366
1258
1860
3377
402
3923
5040
6626
8551
6957
7359
4802
6813
8143
2741
5102
1686
9558
3046
8039
5856
4125
7428
5206
6083
9947
439
6663
4893
2106
9697
3130
6696
9439
6866
4754
5837
4100
3391
3577
4313
5232
844
2839
2806
6545
9905
1059
7639
1744
2709
6793
2120
400
9788
8918
9863
4204
4815
2056
9236
4315
5018
2015
1232
8605
7435
6358
1992
6630
3001
1567
5966
2068
4889
9799
8234
7116
7119
3162
1468
3398
1540
8282
1286
1275
2600
612
1902
7867
3937
541
7054
9599
1570
7084
351
863
8800
7805
30
938
8118
6500
8017
7306
8545
7601
5831
9773
6749
8658
8798
9718
1108
9216
7193
8623
9741
6760
5081
1100
2444
1419
5938
1662
9100
1709
9626
8846
8203
2261
7500
4823
1830
3808
7978
3761
137
8093
1625
8901
243
1420
978
4916
295
9861
9900
3234
536
9556
4458
9387
4962
8913
5900
6513
6330
8068
9417
1385
7666
940
4854
1403
7017
2796
1147
2690
4077
3321
4551
8574
2979
9635
4061
6293
97
2075
2279
8967
7428
8900
1030
6355
7307
3772
1722
4689
8684
5670
5429
6678
3702
6853
203
3394
4969
4354
8947
8327
1374
518
2580
2624
7073
2514
4042
1015
7528
1412
2450
1543
8414
9459
4445
3723
28
8999
3225
315
1685
1309
1643
647
4869
1977
3196
2533
3247
6912
3325
8504
9546
4004
1187
4839
6021
8659
718
6609
2909
4712
6853
3744
3807
2354
7626
9402
6439
3772
4075
1243
7932
5705
6095
4028
5097
241
5313
8930
2641
9606
151
9079
1782
8003
7823
9595
8011
8146
5205
6759
3636
1707
5275
4879
424
6528
8660
7039
1582
3143
3530
88
7577
2369
4635
2647
4076
8694
6856
7814
3552
457
5390
7928
434
7225
6738
1129
2477
9137
2200
5912
2210
9680
1438
2818
7729
119
993
1946
8863
5913
3370
3700
3547
7841
8802
960
8827
4718
742
7765
7240
3066
2905
547
4454
3500
5846
7624
5434
1243
5670
9084
3764
9680
2650
9608
3604
5835
14
1281
4560
4685
28
5117
6543
3361
4996
9930
7353
1044
8520
9196
8296
6666
5661
6
3531
5994
4721
7540
800
4863
6266
960
3226
8595
8178
5605
5879
9308
5056
9497
9628
5894
6496
216
7585
5577
529
51
3010
5349
6930
8674
271
9375
3535
8364
6703
9193
8802
228
6213
6136
613
7495
525
7460
458
7574
4617
3586
8577
7292
1347
6116
2902
9358
5894
3750
6218
2348
4443
701
1638
7848
919
6754
4046
2562
4631
1104
8302
7389
9543
4787
421
3092
3131
6236
8659
713
7232
2231
4171
600
385
9847
6472
4522
5929
6658
8811
587
7315
871
8260
1046
9052
533
7274
7324
6236
6045
4459
6023
1587
5422
8402
7011
4468
65
9724
2506
2273
2471
5100
5867
6259
6120
7902
2824
2470
499
9347
7222
1430
7780
3932
6518
8213
1937
5745
3583
296
2226
57
6175
5086
6623
9043
448
8890
9018
8077
7661
2041
976
6296
847
3104
6553
6663
3120
4390
1948
3265
101
6956
4972
5346
4673
5007
3233
912
5873
2447
1588
4304
4707
5288
3420
2872
2531
3790
2645
3605
1710
9737
8419
2001
8648
1219
4774
4448
1783
4082
2724
3222
3479
3932
497
4557
1175
6017
4214
649
2000
5478
9601
9584
2998
8871
1084
9042
3216
3216
7869
3449
1733
9872
8741
8668
4525
9298
4292
6561
6006
3222
6356
9739
93
694
4166
6237
303
968
8267
6749
7424
8635
2082
1462
5349
4102
66
3311
981
1762
4070
7841
6962
6813
366
4911
7741
8106
5697
237
7893
7064
8344
4065
850
2816
165
2788
1537
983
4796
6465
1790
9501
7018
6067
8581
6411
4851
1955
9621
1891
633
66
8227
355
5148
6371
3316
8537
8974
5888
9149
6063
7636
7103
8235
1929
906
8117
7106
3838
3343
4140
2273
1026
3117
2721
4210
407
9427
5747
5835
3508
6845
2845
3921
1879
118
9464
4533
8825
2058
4404
1163
1694
8088
3105
8186
7879
6310
6830
1464
7670
2289
7894
6010
3114
2223
5335
7920
9911
3888
9573
1914
8744
3421
2728
9001
6913
155
9135
7160
7203
2221
2770
5859
2558
8362
1290
369
7650
3613
5289
9103
3127
6041
1621
5896
9874
6555
6986
8599
9840
6767
3529
1756
3944
5572
57
6267
4168
5955
4708
6109
5892
6808
767
2914
7478
3873
5844
7910
7517
6864
4032
5493
8173
1748
2021
55
9223
4517
9241
8449
3124
9495
7282
8699
3518
8518
5286
1565
1895
2779
3457
4827
1453
3376
541
3499
8557
6817
2925
4174
5658
4482
5156
1044
7571
3335
7835
1672
1466
5600
8760
3190
2891
6688
5322
8758
9674
2580
2721
4839
551
532
2570
960
25
8342
5215
752
2454
4272
7124
3341
241
5764
1589
3265
8677
8963
465
479
3323
6367
1163
4662
6424
3758
5025
14
4518
6385
1037
1989
5969
3833
1292
1406
372
5109
4862
1026
6920
2234
1576
2894
152
6156
470
654
4275
3977
4769
819
3301
2613
4467
7447
783
1666
7732
5895
3620
9826
9247
7186
5712
1416
9268
1841
865
5519
6050
2789
4075
1264
2030
5940
3912
4341
2705
1471
4344
5960
8571
3
6417
2906
3823
6983
1418
5992
1210
7937
5190
8787
6248
7931
8051
5139
3086
3793
9108
5002
7128
4712
7786
4889
6785
5215
1500
8288
5912
9000
6052
8339
5928
6503
7600
7071
3564
7671
3046
623
8012
431
8634
952
8033
5346
2873
9593
9622
9176
4706
3792
9793
9243
6895
6975
9920
3962
1278
9195
2598
7927
3066
3953
8008
9543
3207
5726
840
7824
9096
3008
8762
7204
1887
1875
4293
7430
7393
9169
5759
6518
9741
2139
734
1161
2365
8686
5698
7496
5961
8219
679
4087
836
6816
1652
7290
509
801
436
5385
2438
3426
4997
2664
297
3206
585
5537
1046
6483
5286
5389
660
2146
4157
9357
6975
7610
313
2887
9310
1410
7936
6415
7403
407
7659
4460
7930
1034
2893
7863
5851
4678
9987
9768
5804
3044
6536
148
1638
4388
5097
4589
3937
3073
6250
4674
1018
2701
8983
4943
29
211
654
8999
7454
8063
6097
6392
8473
1793
504
9973
5654
8879
7227
6327
1087
189
8007
8634
1676
730
7768
3153
1162
4444
6088
3830
5408
7576
6389
3843
2112
5682
5651
1491
2883
7305
4794
4861
8080
8169
6191
323
2315
7397
5374
6871
9439
2630
5463
1049
9783
1054
6166
6115
4893
4504
73
8565
6769
5982
7079
3420
7453
9322
397
7050
863
2485
724
2068
800
3199
41
4271
663
9800
4243
2842
9485
499
1901
2109
2029
1328
7180
990
9081
4512
8974
8156
800
6180
5538
1424
6787
8325
5605
838
2069
1727
289
9390
3088
3592
4073
3202
1230
9651
6010
2194
1575
1547
5928
6706
5661
1917
6598
3302
6261
1595
3605
4
9866
3011
7953
365
2371
8897
9583
959
5373
6129
7876
636
2182
5356
6002
4550
2586
2674
6418
2497
3228
5842
2478
4857
5966
4477
8475
9579
6167
4371
3875
1465
2993
2343
5521
6144
1221
3841
5688
3643
8258
8696
5706
8060
1475
671
6430
835
2079
7457
4062
8448
5094
4669
5282
7037
6314
5174
3967
5642
5441
9338
8606
2675
6843
7980
5608
1480
7766
4522
1434
7698
9702
2265
8356
1549
3120
4258
8628
9177
8454
7474
1962
4809
9353
7401
8174
8115
7773
8272
9693
9783
9131
1887
579
8611
1275
3353
8201
9861
8022
8090
181
4692
4157
472
884
6343
6462
9745
8259
2319
891
4510
8617
4013
6331
9421
2891
6208
8454
4914
2510
7020
2298
945
6585
7525
8718
5547
6486
6463
1094
6404
3232
4843
3849
2644
1700
6978
8544
8136
6794
7729
5800
8260
9382
6974
7989
5507
3733
9727
8858
4895
7728
5788
2772
5156
1728
3639
7971
578
518
899
1374
2552
3654
9103
1560
91
5421
7604
4911
672
5919
5583
6504
5568
6129
433
849
4346
4852
1563
6229
6546
5063
8402
9333
5059
8191
1873
3054
9283
8530
7752
9911
3796
7456
5232
2246
3115
7264
488
2872
5810
6538
8222
8413
625
4139
6299
9540
9812
1995
6142
3880
9699
8125
650
776
9012
1073
7555
3026
8356
7214
6817
5072
6136
847
4985
5041
8198
3192
8536
8321
519
5101
5655
4079
116
6709
9327
9222
7872
9024
9703
3262
465
1457
5246
3682
1580
4122
4900
1187
8427
7784
9623
6729
1265
3425
2534
2711
9404
8118
2761
2392
9357
7806
3117
2181
3597
928
3434
7684
4692
6349
9280
715
271
9605
159
8655
5209
1812
1854
934
8090
9111
2197
3113
959
1438
2639
8815
5772
3572
3275
2181
4710
237
6020
2019
9621
2475
2840
4900
5309
4493
8651
7533
9034
871
8016
8433
8650
4132
9983
2550
3564
7499
1728
9124
7616
9189
2748
4338
414
7528
4841
6154
5103
7360
9154
5279
8579
2404
4776
1933
6118
8072
8885
321
8025
6671
5095
5744
5422
399
7007
2391
4201
6646
8143
5045
9594
9
9019
4838
5585
3793
4777
4059
6486
5701
4958
7168
7439
4718
1009
1075
8916
5999
6770
6505
6781
4913
3869
7379
2257
8479
332
9363
6857
1268
9671
6142
428
3161
4590
367
3838
5824
90
4565
2506
5250
1899
6819
4194
6915
5151
257
6243
9896
1092
8578
5030
8684
219
9422
6622
4796
8440
7082
4700
8235
7822
33
4731
6891
1809
577
3493
1005
1630
9799
8791
272
910
4493
1420
3102
7001
3719
9586
5501
1672
2673
292
332
7865
6062
1302
9465
5643
1957
3110
7600
8604
5731
762
9437
2048
1402
5200
4264
3537
4628
8743
6591
5819
4026
491
9904
3166
4182
4377
6072
5445
1455
3295
1355
7220
3979
1924
9969
4378
4642
3919
2904
8885
9576
2718
6814
3867
4415
5589
4517
7595
7596
933
743
9933
8198
1092
6578
4717
3607
4373
5024
9369
5168
6103
491
3423
3355
7044
6592
6913
1811
1699
9156
3307
8747
5976
8841
4188
4889
7338
1121
6354
9384
2254
1086
5011
9633
6494
9498
3575
7632
8340
8663
9981
5771
4280
4199
8413
7945
2557
4322
5609
7844
867
9432
2490
4140
7911
8339
6295
651
3067
926
3757
2299
3002
8688
9530
9381
6203
8428
9947
838
3272
1874
6767
3651
9297
9356
5981
9108
990
932
8921
5872
5356
9923
4189
8430
7761
5259
7048
1840
8133
8789
2617
9089
5833
3717
1770
9686
2030
3189
2656
9891
1832
6195
7050
3664
421
7234
5588
9624
2866
3919
7666
6208
509
8675
8237
643
4229
6368
655
1477
1960
7232
7610
9161
9216
5600
7510
51
5942
2022
8944
2604
8046
6018
9685
3709
659
4212
2537
6809
4080
1045
9849
6614
3334
7027
5249
5528
6039
3950
3353
8249
9748
8079
2679
8941
8652
9345
9499
1200
8574
681
9964
4542
9338
8566
9583
8578
9093
2038
7429
1995
3329
5158
5635
2030
5221
8785
8880
2293
1474
4489
2028
7652
5782
5823
5705
8270
7453
9725
3253
7423
6556
9164
1461
7036
241
8058
8425
1985
2080
8641
9520
4923
3130
9757
6499
3964
5166
4966
9021
6541
5235
6686
1910
3453
9877
1579
4260
2714
2309
6839
4587
8962
346
4539
3217
4591
5345
5299
9889
303
6061
4464
7660
7293
5549
3859
7116
8931
9333
4582
962
6925
6737
6055
6944
4758
2025
2998
1325
6251
3998
5076
5530
1888
6329
2484
5790
1238
3508
5916
6890
7643
6744
306
732
8928
8785
2255
2138
1815
1460
9956
8824
1647
2446
5589
7956
2498
4584
2810
9341
7530
3142
1673
5257
7263
8117
1862
146
9460
6240
4524
9451
323
7467
7868
6945
960
7115
394
8035
1464
1672
7363
6351
2039
5132
6723
1280
6167
9811
2808
4272
6299
2805
2429
9985
7170
2677
764
1272
5268
6378
6509
3559
6575
9036
3810
6766
3943
4446
2458
2676
8533
8687
2001
8338
5404
39
7245
1160
1435
5544
4889
7783
4618
319
8201
8742
6801
9369
6562
5127
6065
834
7653
5706
8249
3105
9684
8321
124
1484
4223
5850
9971
8433
3710
9841
2568
7786
9749
2559
8882
3979
5505
8889
8771
1189
7118
7900
8827
8158
2736
6689
3464
4630
9912
7114
5592
7354
8109
2460
2135
2314
3070
7514
2752
8828
7122
3873
9689
6333
1580
2257
4368
8363
8315
2478
552
6548
3153
2335
5747
390
1410
9472
6239
9459
2797
1646
2883
1804
4018
9222
4417
5685
9851
5802
3831
4715
5470
9654
368
9889
125
4558
1927
9103
1028
9841
5276
2243
8174
6875
8770
5275
5479
2832
8202
6311
2863
9321
667
4605
8742
9039
5296
6258
9438
1283
6769
4243
9717
8583
9821
9456
7997
6195
4503
3459
1187
1497
915
1002
1931
4129
9444
9520
5684
6235
8850
8681
4625
6
3521
8842
406
8559
5680
4048
8317
429
6959
1866
3353
2001
4820
5128
8148
7328
8367
1262
6590
6882
894
7226
9663
3038
5450
8398
6501
3251
6251
7403
2383
9639
2242
5493
3939
1969
909
2010
9713
6921
6799
3840
8535
644
6190
1728
5777
6785
2450
4454
6633
9298
4327
6956
3222
6424
2707
9070
4094
8544
1840
6691
826
7681
3753
4744
7315
4301
596
5351
2036
371
1001
2159
3162
7675
9583
8233
1264
2890
4763
4495
2993
4802
4845
6407
3969
5517
3953
1601
5600
6853
7219
8233
683
8724
2522
6962
2879
553
322
8069
6691
6810
8023
1160
1011
2040
3187
5941
5607
1803
6488
5056
4623
7252
9079
261
5669
9661
3189
4823
8845
1488
8734
8414
7103
3958
5713
4504
1034
8542
2567
3524
5860
186
4886
6702
1437
8840
3597
7717
1060
8768
4120
237
1180
7220
2371
6999
6744
2302
3289
4322
1866
1209
5003
3748
2455
9665
3528
4115
1809
5703
6740
537
7557
2030
4911
3757
386
7687
5958
2268
4359
4927
6592
1199
4957
5923
7261
8646
4232
1171
3066
6745
5328
4777
6358
9179
2757
2009
2774
2280
3755
1459
7954
7395
8254
5730
3707
7837
4687
4091
5546
3144
8268
2354
4057
2230
4861
3146
9668
7970
8826
5640
8374
6267
8913
8055
9517
5717
6223
6471
6172
8047
7866
1576
9444
4837
7169
4596
5636
9004
7357
7833
2553
9104
82
4123
4825
4855
2165
6810
4584
485
5745
4771
8274
4466
6511
5380
743
5634
6394
1579
338
1962
3517
605
4581
221
9242
4686
5
3414
2135
4033
574
6146
635
6050
8093
7292
3823
3697
6727
2490
5539
9663
2718
6273
812
1793
5865
7518
2572
8781
5509
9458
1823
6055
140
2952
8836
6253
1797
8581
9382
7568
1407
1548
6215
7174
4358
3852
2587
3261
2880
8946
984
781
973
1381
9217
253
5498
8910
3077
6521
4406
2009
9797
1295
931
652
4654
4943
117
2365
4141
6243
6339
1107
2658
6573
9377
4097
5296
7519
9563
5286
2797
5376
7012
2593
1741
5674
9806
5997
1298
1596
7944
5384
1324
9277
4960
3046
2641
4367
4944
5909
249
6956
1969
721
1257
8449
9356
4905
6664
8249
9022
7544
3434
1417
2716
546
153
9724
9934
4258
1388
5426
4326
5063
4035
5393
6151
3944
3547
8786
8135
1947
3923
9354
3082
234
3401
4749
2087
5862
8135
2594
5360
8182
9301
6648
6958
7392
348
6650
7266
6534
4716
8097
2168
9289
9327
6908
2860
8336
1633
7153
8722
6033
264
5894
677
1935
2543
6954
6318
6290
3175
8692
4071
2529
2482
1305
8064
7105
4660
1978
7422
4630
8525
94
1763
7748
2732
1098
9820
1902
2692
241
2367
3530
7278
6633
9536
6267
2249
1865
3414
379
4245
3949
5706
3298
9396
5009
4947
849
7128
424
7987
3850
9339
1560
456
7622
4573
8414
4769
3445
7261
49
1514
4693
371
1874
3624
3007
5475
1601
4194
4689
8833
2715
8186
6884
1593
7273
3029
9612
5824
6250
8260
7488
2758
9019
4784
6262
5009
5332
2104
9226
5421
2236
7900
8147
7843
4944
1030
193
7009
4676
5645
1210
9226
2794
4489
2323
4483
2316
4155
5954
6520
5485
5628
3829
908
4404
3397
9817
6630
8909
8696
3787
2256
1089
2113
6389
9234
7777
375
6075
7941
5677
7828
59
5203
3302
6544
1571
5043
867
3389
7377
9930
6968
9677
8820
2969
3647
5938
6973
7368
6010
1868
5287
7558
4354
4481
6853
635
983
135
2593
5448
468
8709
8425
9481
9401
8575
3759
1261
4180
1438
2571
3391
6679
2367
731
9245
8287
4653
3607
7516
4456
6144
3357
695
7084
8870
8842
3320
3768
3894
1013
7050
1746
6106
2503
3155
732
4250
937
5782
1636
8669
3081
3624
6711
8390
8774
9065
5051
2802
5856
1523
3576
7725
4220
2341
1363
953
3723
5626
3055
3032
5962
5137
1753
8534
2706
6578
7230
4562
777
4978
7516
8431
7344
1792
8087
1970
988
6024
8199
6633
2709
916
4821
7141
6339
3192
9141
3630
6467
1846
6347
3655
1207
2810
7528
5636
7136
404
74
1699
7806
2334
554
1537
5537
1653
1285
9406
2043
1498
3540
7172
6167
6583
1344
9727
5622
4741
3754
6845
1104
7185
9829
8509
9275
2893
3986
5443
9555
9915
8752
4388
7565
5223
3859
3451
9974
1925
9932
617
4544
6784
3321
3572
3913
1345
630
1610
3963
1448
6726
2868
6657
5117
9286
3001
1848
9373
6644
5833
4101
124
3367
8690
7915
8221
7455
3164
9591
8296
758
4487
1985
2787
6547
4823
1415
687
1175
3176
4449
8708
8486
5232
6846
3413
1863
9727
5523
1641
6840
3098
5108
1150
9264
8339
4447
4001
4367
1406
2311
1161
2348
4004
8457
3449
7122
8168
9761
8639
5116
1643
8189
1796
1872
8062
6065
1301
2093
6948
167
3124
4429
101
6710
3982
2327
5567
4608
7958
3207
9865
4077
1612
3311
2132
6509
5125
6177
6782
915
3596
4011
2502
8205
9675
604
14
7301
4594
636
4994
2410
2204
6166
8953
481
8963
1616
6247
3398
4855
1209
9754
6744
3915
4095
6011
14
9618
9878
9228
1409
5198
235
2721
5064
4175
8393
1947
6652
9477
7296
1839
7356
4870
2487
4800
6813
7999
870
6104
1647
3168
489
6719
8027
1734
5863
8526
2537
3867
1284
9399
6927
6028
3048
6354
5781
3947
8985
344
6208
7215
341
3944
8188
6227
8353
8274
9197
8310
6155
2864
6216
2952
7133
8711
7611
1741
6470
8357
8205
4888
402
749
2125
614
8872
7036
806
6937
1876
2149
5380
4598
7393
5775
8861
505
595
5181
8108
74
648
4379
6631
6923
2297
6564
9467
646
9018
9140
6027
6034
1928
9681
7801
4164
942
20
1739
1157
1722
4922
1814
1118
7566
2107
2508
353
5738
7797
2326
442
5056
7539
9548
4145
9931
1837
2369
8543
9464
6013
4291
4727
3995
4364
7318
8124
8948
1528
5769
3415
7403
7076
9842
1451
3890
4692
3178
7905
887
7262
739
7068
2147
3483
2083
2760
9841
3720
2227
7513
5584
803
7831
5714
8705
7849
4513
8538
3955
94
3996
604
9758
1095
313
4917
4160
934
7497
2296
5724
1599
3688
8242
7359
7432
3834
8277
2505
8270
4308
1365
9101
6112
3232
8783
707
8590
6567
3049
5863
4807
7577
3047
6084
4506
3635
1693
9102
7721
4068
8990
6195
4627
116
9991
8509
2682
3297
3870
679
5181
5039
1995
3776
9923
2578
1122
6598
8451
7989
8564
4810
1061
6746
6451
6230
1628
8766
3300
1219
3428
2473
3095
3518
8506
2011
3897
6971
6049
3228
3363
8286
9002
837
3949
7473
1403
4858
3915
9344
2892
3511
9417
5212
2884
847
482
779
1979
1026
9851
1993
2256
1542
3247
8668
2047
6368
6401
941
3349
4961
4435
5152
1245
3272
7703
2184
315
325
2053
3820
7502
8326
678
9505
7190
1473
5931
9704
4911
6882
2351
4990
2607
535
9147
1666
5691
3464
1557
1371
2096
2852
6573
759
9074
3214
1032
8006
8931
642
6079
4661
3359
5625
4013
204
6537
704
6213
564
6018
2681
7021
2169
5369
9679
9388
725
4523
8536
8570
6887
7370
4521
3418
8334
2407
6437
5982
6025
5461
347
6900
9763
7593
6992
7573
8744
2322
7582
2886
4987
1247
2492
4435
8050
187
1471
4326
7184
304
2065
3060
4245
7233
3308
4728
3314
7847
8944
9635
7741
7482
1276
4313
856
4206
4496
1521
580
965
9780
5704
3981
6259
7686
7877
3215
4952
271
5828
7312
7590
7431
5815
1207
1506
1198
7009
7365
3305
4487
166
8152
9874
610
3343
7087
9723
4624
5624
5433
5989
7502
907
6421
9152
4061
5510
1856
1342
2951
3638
8489
9856
5835
9878
1997
5804
6075
600
9694
6585
9276
7725
6530
7184
4674
61
2478
4118
4299
1324
5327
8553
3980
5128
4796
7080
7269
2020
2362
4969
9493
1672
8365
6198
6672
4332
2221
7504
9973
229
4631
209
8646
39
2923
3204
4139
6000
4688
1450
2068
1322
9287
2318
9729
2420
1298
9868
2913
286
7483
8203
4628
8209
7817
102
2029
3320
3174
9759
7218
6257
6518
8677
5646
9997
7809
3639
9320
3425
8478
6042
3408
5553
2163
8689
8389
8277
5475
341
8854
1011
8934
5900
9102
833
2261
7496
241
296
2746
6650
7866
2244
2772
2104
9869
1413
2305
6701
9229
660
9200
7395
8119
4392
155
5640
1078
6325
1506
1887
5918
5097
5632
9893
5762
6379
7656
4104
5230
6752
6161
1460
4360
2347
7640
7682
3507
363
8143
6977
8362
2664
7239
6460
9400
5322
2620
8838
6329
1326
7751
6006
8610
655
503
8535
4638
9870
1783
1188
2219
4406
989
9596
2438
5552
6553
5149
7783
1732
151
8350
6309
7076
8392
2924
890
3533
2536
4532
7746
8968
5813
527
1954
337
7412
7181
3429
7197
4496
4016
5101
2308
4562
4769
5673
9961
5787
4204
1968
3140
2270
7029
9380
5682
9683
1257
7534
1357
1971
7045
7071
9288
2516
3858
4085
47
8982
6821
6089
5644
79
6228
1128
9223
8160
5345
3299
667
8234
9479
420
8129
2488
1185
8885
8781
2180
3563
7175
4114
9953
800
8552
8223
955
8769
4381
2879
8189
9542
1571
6374
8683
7234
9246
8711
867
2094
3529
7691
2411
7181
5952
2883
3707
5482
6562
3859
1996
284
4534
4804
7207
3756
9717
8283
2593
3721
1276
2826
9812
5541
2794
3644
3030
9302
667
4640
7403
2957
5396
4960
1935
6093
6648
6046
6937
8222
9221
2603
1112
7201
812
7020
9257
1464
1433
4721
9155
4738
2154
8482
7117
1826
1446
4046
8762
1682
8874
8230
9129
2862
1174
9115
8344
2886
6058
5599
4652
9607
3667
7149
3410
1893
6288
9752
4494
2930
4212
8386
4055
2241
1434
7060
77
7616
3017
7605
3694
6013
9524
7410
9638
4232
6944
614
8948
6176
3257
9676
7674
6316
8574
511
7076
8623
7194
3940
4162
1922
7357
9158
4959
6008
3514
4586
3403
2256
3137
2876
3323
7300
3576
7280
7300
7328
1574
5457
4487
1853
6275
4720
5215
6798
4276
3499
6999
7947
7317
9116
7761
7712
496
9490
7675
6914
4933
1972
9169
8453
6424
931
1067
508
5028
3234
8486
2917
1611
6678
8612
4443
1832
6158
5861
6580
3339
4190
4703
2673
6290
8522
4629
6991
9997
7463
5348
2130
6540
7741
8383
5514
4393
9417
2655
9664
7075
9459
5110
5034
7743
1935
9435
7174
1427
7978
4338
269
8317
9042
4254
1407
8707
5097
9385
5709
9750
1712
873
1658
1546
6821
3955
5635
3843
6709
9004
1934
897
3671
2012
6987
879
4850
1804
2583
4116
4642
4761
5986
7881
7081
297
9000
7954
3292
3224
9151
6950
765
1728
5182
1581
7752
5380
4013
4721
9524
7854
3251
5853
2423
6326
236
5629
1899
1313
4671
4513
7513
8268
7487
3815
8985
6212
3090
2702
7804
1565
4183
9071
5991
6233
8172
6795
7254
588
5680
5561
863
6484
7189
2008
286
1114
5097
1391
4322
9395
6227
1160
3549
5957
5444
8828
7889
4938
2729
4403
6010
8278
2741
6500
6828
6852
7810
8348
9568
5776
6602
8586
3567
7262
3034
4632
5237
7232
4948
8671
1011
6675
9894
3100
1798
1874
1907
5590
6627
9287
4700
7968
8834
9494
5959
5302
2249
2192
2414
2872
5036
7876
2110
5632
6475
9631
4842
3082
5784
8260
2974
8828
5229
1327
6690
1843
1653
2143
1471
5476
7336
7399
3908
7645
4412
5847
7019
8815
7260
2228
6813
4961
5635
2323
1095
3116
281
3333
7888
1142
2565
6831
9367
4796
8120
5523
7453
2549
8865
1868
9731
5989
8678
1780
6608
3780
3198
5791
8896
1588
2735
3642
8389
9338
6658
3351
9742
603
799
1411
2875
2730
1983
5382
5197
8026
7898
2156
6867
8514
1140
3708
2168
5437
7309
4628
1775
3504
8279
640
7893
8262
5879
1586
536
5175
1163
9185
1846
3953
9682
8192
1619
4796
3076
5608
8180
1865
7458
6780
6492
8258
3029
1137
2797
8865
8508
4121
4085
2129
4336
8127
956
3837
615
7922
3746
4590
361
6170
4290
9746
3060
2954
653
512
2545
5653
3717
6772
4086
9046
2345
114
5277
4008
6215
9013
5262
3827
3959
49
4080
9402
1402
8790
1915
4777
2247
9845
6144
3345
4760
424
3955
8931
4782
9641
1880
1661
3299
3773
4419
5713
2021
8797
8509
2268
9815
6379
4827
6984
6287
8238
9057
9951
587
766
2500
8947
4254
1714
6175
5541
4731
968
5896
7975
7579
2186
4919
457
5208
5075
9816
8604
1583
6160
9814
6234
1768
2137
3420
5657
5660
4897
5715
7949
3034
608
6287
2925
3765
3967
5529
842
7432
4042
3608
126
3675
6923
8758
1728
873
7189
4505
9452
7486
4492
3705
3611
8311
7252
8481
8624
501
1523
8291
3798
195
5931
644
5967
972
7007
5307
7568
2793
8689
854
3768
4448
6587
7957
587
3733
4521
9519
27
2554
5747
3787
9690
1119
710
9583
5747
7277
9577
1884
1042
3389
4724
4743
5903
1767
9652
3088
2048
7823
4924
6487
7740
6536
8892
4575
4347
48
3065
9211
7126
4364
1295
6943
6985
9690
6012
8443
7433
3051
2623
7844
6187
5095
9814
4268
6667
7506
7627
3205
9673
4857
2682
2916
4580
4646
1340
9637
6575
109
1719
6396
1407
719
7557
8722
1816
3328
5222
6282
3396
4215
9191
8163
7105
2568
9995
8311
5346
1772
3790
2524
4788
9228
3825
1095
6530
4434
2142
9198
4184
3284
6766
9489
8686
922
4817
8582
226
5482
6740
7088
2268
1754
1660
5419
9150
2200
5301
7357
6348
41
4684
2027
1215
2999
7957
758
857
394
9709
2939
3756
6
5510
2907
3900
6653
113
2423
1888
8186
2121
3349
8132
4685
5504
3828
2946
2090
9923
8236
4510
4282
7765
527
2161
7953
513
5892
3296
3041
7468
3387
648
8283
1832
9813
4352
6171
3903
581
2212
6974
8277
2429
8529
2801
4188
2852
6675
9156
6713
8066
8869
6379
286
4415
9090
2227
9179
296
5931
7862
7604
1507
5123
8430
1386
6879
5221
1088
153
7515
3314
4118
4
9209
5826
9398
9567
4785
8481
7233
869
8900
614
1737
4148
5111
8850
8358
4156
736
6397
434
2883
1329
1879
573
9278
5891
5132
873
9594
1868
1596
6233
2863
3775
5140
5559
4190
3098
1692
5041
5342
3664
1818
8772
1904
7410
6803
9622
2770
1619
9497
694
3610
8537
8824
8277
3444
7651
2681
3601
1155
7031
937
9018
4643
4860
7302
6308
1478
7921
5220
1192
8005
1789
4800
9154
7329
9691
5801
3288
1192
8839
4018
6853
1151
758
2757
9106
9297
2217
765
143
5523
4784
1128
7752
