5857
2639
929
8222
6863
9999
9591
5160
1007
9378
4078
4957
5295
5064
9847
3179
7069
3073
6931
5573
4138
4097
5733
8391
3103
9724
3324
6103
391
3130
9611
6156
641
9980
4144
6833
799
2768
2949
5547
2462
8774
9291
4294
6253
1321
9931
4138
2836
2740
7875
8317
2435
6186
7255
446
7428
5700
514
379
9215
2388
6977
5789
5650
6225
7586
8416
7537
3186
8846
2640
5793
8409
7375
1615
4535
2265
9165
6100
5762
9680
2687
6304
778
458
8208
7681
3536
3027
4131
4539
1459
2912
3006
8760
6919
8150
5874
6979
977
6402
5718
4565
8884
3174
7712
347
1097
6804
5855
850
8629
6116
7812
2297
113
1589
7668
7675
5353
6336
9113
9294
6938
8311
2669
7345
6115
9377
4572
4905
866
4128
6615
4995
6518
4053
9322
377
869
7509
3469
3242
4953
6210
675
22
6979
4840
3097
3771
4147
6187
9415
6216
2032
4329
2426
6867
8335
5980
847
7840
4823
4417
2882
2006
5214
7535
3704
8354
4473
2381
8389
5253
905
1609
2113
2286
6393
7809
8737
6015
1480
8129
7297
32
9915
4058
622
1255
3453
4480
8068
3606
2584
9794
9802
2827
2653
3489
839
9221
1146
3893
8323
2052
879
7133
8128
2662
8686
3885
256
194
1785
7101
4698
3259
6852
5898
6090
3964
7318
3430
3523
9441
8351
9143
3782
7228
3324
8346
7068
1727
7642
2904
2506
4384
2497
272
6900
1374
2529
8390
4135
137
8573
5926
6056
7336
536
6884
4358
8193
1333
6191
7153
5577
56
3394
4483
8463
8062
4165
2508
5787
3186
5474
2443
232
7327
9580
9989
1347
1332
2929
4731
1716
9929
8166
1445
1156
440
4540
741
6734
8841
8629
977
189
3642
4222
7194
6746
1475
6094
7087
7253
9203
1331
1038
7459
1986
6319
8099
4678
9408
6984
5233
5888
6568
2224
7293
1985
7147
2121
4893
858
4752
4347
3697
8616
5113
7211
3702
1295
8461
5163
5191
827
4194
7004
2262
4968
4010
8871
5189
7171
7910
1635
3667
34
4058
3469
9676
5243
146
6390
1156
1911
6541
2959
7453
3451
5186
9800
8148
232
353
5851
2272
4676
6377
9470
6205
6283
2453
9154
3028
584
6440
6600
2802
6375
1860
2087
5871
5488
6722
3801
660
150
4129
4680
8659
5012
8973
6431
2160
6723
106
8553
8095
5317
3837
3041
6656
8614
359
1272
6376
3554
2511
4752
7706
7696
9454
1843
9360
1985
2318
7662
3725
1951
7631
6405
1837
8845
2185
2077
7979
5487
5484
5456
4568
4868
7857
7076
6968
1126
6847
3541
3751
91
848
6925
8739
107
3094
8987
6400
6578
9541
9451
5662
3637
355
127
5643
6480
5284
6741
372
4626
1641
4334
4930
3352
3031
2115
1142
3804
6771
9868
9280
4316
1838
2772
8552
9839
5204
8098
6711
7809
1637
2052
7834
6288
9218
3576
4056
4228
3456
5892
2081
5178
5347
1089
7110
7847
7660
7213
7923
6429
8876
8809
2739
6872
4771
6929
2516
8515
3570
9217
3330
9157
7404
1055
8653
9973
7653
1238
5036
3388
2862
943
4817
5190
2665
2384
4892
4191
769
3968
965
7178
4605
5903
6725
4307
8596
669
6193
8304
7284
1509
2232
7509
7200
7323
6348
8250
7840
3006
4604
7602
2668
847
4208
8605
2145
7273
2268
5172
1218
4575
3659
6009
9491
4518
6860
620
3224
208
4557
3406
3527
1996
7813
898
5817
7601
5234
4394
4233
2418
4200
7320
4029
2092
6557
4102
7320
7110
4234
5432
3161
1084
5696
148
7378
3024
7754
489
2896
5092
1248
4004
8722
4922
3370
4754
1728
642
6441
4146
8085
6740
310
6696
8917
8606
3869
7333
2674
6260
186
2747
5502
9780
5831
4627
649
8580
9558
2789
430
3634
1183
6702
9240
3593
5575
4636
3917
5736
3421
2202
6883
829
6353
8712
6805
7024
7472
4118
7515
2433
9975
673
585
1379
7460
7918
5747
9547
9722
8686
631
2951
6388
6206
1502
7184
2083
3521
3480
220
9363
3365
27
3563
5102
6356
9587
5934
8879
1379
1315
756
8109
7318
1566
2834
6179
9243
2461
667
378
4906
2119
1486
1353
4512
4179
8117
8560
3509
356
6977
3955
7347
1185
4713
6822
8917
2704
2796
7341
9879
5299
8029
3262
5410
5519
5723
9627
8286
3903
5180
4774
1840
1000
8746
4090
1792
3364
4541
284
9979
1486
4711
2338
1979
3316
8771
7074
9141
8396
496
7092
2560
622
5110
2734
3169
4036
9559
1214
3917
3092
5934
6389
6034
8790
6701
9077
465
8066
9761
6786
6957
6415
3201
5260
3715
1985
8255
9538
2660
6296
4119
7226
2845
6474
6285
6332
1677
7032
3547
6795
6592
1052
7447
9589
9187
2679
4709
9352
636
381
2707
1677
1062
9225
3170
129
4587
8146
317
4324
2547
2351
6335
827
4071
4324
6279
5354
4664
5169
844
78
6648
7309
5319
7473
1909
8716
9288
6641
4703
846
8918
8165
4117
979
6726
9159
744
9632
5894
1803
7390
446
7661
4621
6231
5160
6775
8706
9629
2255
8538
4577
6159
6834
5362
6300
6558
1021
1785
4587
9061
7939
6098
177
6578
4191
8049
3937
1105
4760
2399
5927
4265
9833
2999
294
7034
217
8037
2260
3891
5779
5165
6370
7806
6722
7627
9415
5961
6799
9194
3093
467
9941
6561
8904
2406
7010
9006
8421
7969
824
287
4668
9665
3257
7585
2405
3965
5497
857
2201
7497
794
9811
6626
7967
8464
4912
1837
4072
7054
9402
1029
6287
5097
1305
4840
4194
9665
3051
7254
4736
7133
2694
538
1869
248
5785
2482
8512
1760
2553
4555
5002
1827
3531
5834
49
9896
9310
5999
9180
916
8133
3516
4542
8776
8614
902
5371
8435
2762
3521
7915
448
8969
1781
2632
4740
7076
6924
3057
4386
9150
3670
8190
1456
9438
1514
8487
5815
9950
8117
5406
6473
5401
5262
820
5330
7942
4068
421
2251
1847
3818
8613
8081
4116
269
9890
1369
9465
3213
7335
9188
6901
9976
821
4818
1967
8751
4222
4728
3834
8647
6955
1848
720
5093
6071
5674
3850
5054
1681
3868
6378
8489
4987
7685
6921
9357
433
7351
987
8360
1680
147
5365
5052
4218
1914
7301
6917
7784
4272
9767
6222
3157
7903
3003
313
1556
4294
8780
7325
7435
8687
4248
1480
5443
9761
121
944
8689
3388
6905
6296
6090
7267
5300
7158
7383
1046
4275
1878
3053
879
1290
8200
4331
3137
6000
8398
9155
2552
1839
6369
6185
9767
1401
625
2597
2078
4549
212
9760
779
9792
4544
5548
5293
7797
5752
3080
9861
9917
638
4355
7032
7580
9054
1492
4176
2834
3127
7727
8964
3655
2614
1691
5625
5401
5623
7930
3710
4695
2269
6051
3257
701
8928
7688
6130
461
1018
4045
6788
4736
2322
7794
6699
8040
4865
5784
525
3495
7076
3074
7412
5978
6522
426
8072
3689
8619
5333
5634
304
6388
7953
5844
5281
4150
9459
9749
7277
7545
2875
7890
9176
6943
9395
5603
3389
4355
3903
9605
7488
3413
3843
7760
1980
3127
3124
5010
7277
3534
7067
4418
2659
5259
3388
6802
9623
5976
7791
6025
1545
1510
9810
909
2448
3110
8038
2603
6527
7108
4595
9483
1536
3324
8230
6728
6644
9587
3689
2994
572
9750
7910
9377
8035
3961
3070
5701
5231
8439
5189
2524
6946
5819
751
2486
8233
8288
999
5954
3505
1906
8647
624
5432
4485
6214
9714
8950
8098
2168
7540
1155
4805
7421
9206
2439
6970
8640
249
1569
7145
6444
4416
3235
2553
2407
6402
1176
6614
313
6947
7590
4904
8601
1626
340
395
9768
9079
9805
4115
506
5526
7119
6076
4323
746
5103
6533
3254
7939
8154
9328
2838
6377
3200
3438
7541
591
7751
1858
8744
4624
7157
3112
1210
2770
5159
1811
1529
5900
3279
6654
2640
9661
9997
2184
2035
1224
1687
6303
777
9707
3114
674
6583
7389
5454
1076
1798
3441
2792
9326
4024
5089
7585
4177
920
1296
3424
3628
4884
5710
3195
6089
7152
9633
221
6147
4101
9087
1770
4033
6616
2295
9374
7879
8288
9943
7696
9131
2743
1505
3468
7502
8037
8283
6223
3365
1594
3601
9441
873
9814
3616
7302
9530
6738
2161
5384
295
2033
473
3780
6593
4444
164
1603
9383
4239
3616
502
9809
7866
715
2051
3725
8001
1882
5929
387
6471
1021
3102
6656
2185
7041
9707
4645
754
9546
8828
9147
9402
9860
8621
5385
4086
9300
7698
4321
3530
2131
2213
2678
9193
347
1235
5997
6902
4738
2990
4742
1272
3883
9944
4868
9225
4749
6508
4187
2505
1849
1127
696
6182
5002
8965
5364
8333
4093
6043
2022
186
4699
696
8998
9187
4561
6792
5443
5846
5683
8275
4714
1590
9268
7314
5961
8176
4442
4465
9577
1376
9375
2460
1585
3545
28
5018
7186
747
1973
6458
1113
5265
6921
5664
6904
7191
4477
3646
6562
820
9106
1639
6897
4464
435
3172
5227
9120
7453
7627
5502
3939
9665
5676
3370
1613
4860
217
7767
9898
2724
5840
2802
8218
8883
1765
2335
3234
288
5254
5707
3699
3350
8167
2385
4011
9909
9764
4441
3009
2991
3301
7682
9208
7046
2491
465
1978
829
508
9830
4505
3884
6072
6222
864
9815
2294
4362
8465
6223
2312
3108
4412
2741
5431
1208
1772
6178
9155
8377
4967
376
3005
9541
5881
5789
1959
4299
1054
3340
797
8620
21
7096
5307
7812
4741
2307
7798
8372
2911
2731
2107
1611
9867
2858
6771
6615
7250
5484
1753
4971
4639
7070
1656
7677
5120
5640
5125
2611
9348
1778
3819
9547
8342
4634
5075
816
2457
377
1091
4464
5711
6074
6878
7391
9705
3296
590
2545
737
7220
7795
4331
165
1320
6727
3111
1046
6306
4739
1360
9161
3369
6745
4888
6721
9850
7761
1894
2783
2156
6333
4842
1350
7733
2633
9881
2725
3814
8797
2708
873
7154
137
745
1432
8607
6408
7363
6133
3370
463
1309
2794
2039
4477
3989
5025
6532
9611
7857
3453
628
3560
8716
7837
8924
1291
8456
8059
7305
8782
6209
5233
9997
4719
111
7621
2302
3782
5282
7742
532
593
9861
8219
751
3849
3283
572
8065
3657
8917
8801
4703
8538
2951
9322
9816
2828
17
5940
3887
2644
7100
5808
5296
1118
4401
5964
6051
8175
2368
4018
1084
5261
5026
7751
482
4806
5190
8234
6321
5736
4366
5508
8571
9629
8154
919
1048
4249
5568
127
3057
3416
8888
5129
1100
1949
3966
1546
1949
4341
4195
264
5178
5265
2439
1348
3295
2270
1366
1999
8294
4904
8999
3029
6560
5314
6221
9962
7767
1925
8209
2209
9922
4521
2920
7541
9656
4510
4677
1862
5588
2680
3287
3902
8309
1118
3110
3181
6339
9099
3433
5325
4472
722
3365
450
731
4082
1617
7275
2718
8311
4484
7969
5933
7085
5536
7615
8274
1736
9331
8944
997
5680
8653
3959
8259
2438
5192
2535
4399
1214
9379
4408
7175
5590
1227
2755
4481
9322
8070
8701
8460
6115
1949
3154
2600
4354
6588
6273
185
8377
1887
5531
2293
6035
9282
910
1297
2559
946
7578
2466
7290
7015
3752
625
9369
9041
1550
568
6002
1677
7024
8964
937
4281
6140
3861
4977
2720
1871
4565
5649
4950
9442
3369
8279
5017
8926
1518
3145
4249
2156
6289
9648
9483
5074
2030
5384
2748
8892
9882
5219
2969
8299
5246
784
4158
7069
9523
5411
5030
4642
9851
7252
480
7005
7518
1319
4396
9577
358
151
2850
712
9704
7179
828
4
9619
5909
4710
3851
1904
1808
9721
6868
9018
6316
4311
3457
677
9714
7369
5655
2054
1962
9505
4204
1838
413
247
6349
670
250
2523
415
8607
9363
2274
3943
688
6433
4505
4993
3669
2989
450
2765
6928
1159
4552
5329
4479
5591
7986
3329
1740
3635
6816
2393
6752
308
9411
5775
6449
3807
233
8079
6206
480
268
1954
8339
6813
8390
3962
2717
2146
3090
3741
4369
8192
8110
9153
605
7118
6731
196
2977
9322
6235
2898
1668
5565
3733
8444
1154
8780
4034
1296
5668
1174
3432
9047
2616
1916
3683
2956
8363
3164
8239
4187
8506
1372
7412
2433
5326
3724
9198
4469
1055
6805
9676
27
5506
6757
3607
6467
5163
5128
1753
2613
3761
1035
460
3569
9457
4421
6059
901
4288
5139
4642
9553
5228
461
2253
1950
6007
5887
6261
4988
4230
6998
469
8156
9491
9747
8802
9703
6052
1323
1866
4891
5053
2674
8312
9325
2361
6208
4436
3824
4375
831
4658
6718
5067
7092
9257
2904
7177
8004
5681
8197
5758
7756
8582
4708
3199
2881
1073
3011
7443
9658
4985
7625
2281
4936
1946
6507
1900
2867
3919
9583
7070
6515
8916
5509
5098
5477
4497
6907
6108
7293
7255
6301
3027
4396
8308
1536
1611
7539
4391
5132
767
2418
2685
679
5520
4483
5326
3087
7023
5101
4497
8615
699
2830
9748
7107
3579
4345
1392
514
8160
1190
8589
4172
4661
4668
6021
1686
265
8062
5691
8077
9381
9489
822
3272
6796
1818
3305
4640
9741
822
7591
8130
7693
4373
9119
2836
2316
324
7599
4528
3686
7674
7766
2255
4695
4975
6537
6329
4675
9821
9850
1936
8181
2781
381
2283
2844
9804
9048
6524
6919
4664
1106
1769
2663
3414
2517
1007
8819
4263
9083
4069
5109
5303
8146
4000
6277
274
2055
917
8570
3459
4303
8051
1208
1467
8085
154
6203
8130
4334
1796
4213
9873
6679
1181
487
5772
3593
4050
5133
1224
8390
221
4149
3461
9296
8591
3227
4670
3955
7569
650
4828
2273
255
4516
3339
6289
2905
4929
5493
1430
3348
2640
5300
355
8373
864
2096
2017
2551
6220
3991
3962
4796
1018
4121
7975
8902
318
5981
7022
699
6136
7374
1074
4383
2821
2523
6717
2285
9646
3557
4757
9133
2764
4946
593
7571
7133
3412
6255
8102
2599
768
9118
94
1549
3061
3909
6498
6921
5005
8145
488
1460
2090
7379
5313
8503
4876
2913
6203
9271
1440
2149
7807
263
9055
9521
8252
2334
8190
2652
7866
758
8861
3906
1063
565
5108
1117
7493
225
1912
8244
9080
9691
9010
2476
5145
8527
9614
2222
5096
5333
1695
6431
3956
8322
8902
1090
139
9040
6015
7273
5863
1228
8856
6658
6257
1235
6038
9695
2438
8238
4003
1878
6821
1594
5738
4726
4147
9793
2625
8202
8380
6605
7040
3860
5264
8760
1845
3
5048
8658
9661
8278
5470
5305
1131
3597
9736
9605
9165
1324
7068
3539
1759
2020
8558
9200
9162
9732
1713
1663
3343
728
9748
7622
4656
3457
7953
1679
1771
226
4979
1785
5725
8921
7678
5777
6810
15
772
6099
7138
4946
8950
3286
5151
5954
8646
7919
6887
1140
4251
6217
7992
3132
9332
19
7931
8099
2085
6622
3010
3043
4482
1850
8930
5133
973
2584
1748
908
4226
559
5977
920
3746
4163
521
6495
6037
9905
5394
9677
3990
4249
1372
8273
1827
6668
6257
6047
8822
4528
357
4267
1016
6274
8770
8654
1341
1358
869
700
4738
1626
6129
3665
3868
2302
2349
5333
570
3257
9285
5861
4688
8958
1894
213
3316
5489
5609
7496
9303
9918
2267
565
6645
7747
1472
8174
943
6310
4257
796
342
1803
364
2461
2378
669
5855
7983
4500
2528
9054
7373
6371
2577
6304
2904
4263
6953
3962
3979
7925
8281
8462
5970
3171
5323
1330
4041
5075
7949
7550
333
8767
227
474
6407
8868
450
1600
3776
5330
4836
9273
5957
8577
5478
7726
255
9297
4532
1029
3563
1975
2290
3726
3942
4010
9403
7633
2587
2199
6004
4892
3832
3746
4831
9100
9837
3879
9855
6795
388
8805
3570
5206
8162
5196
4061
561
4620
5223
4558
6032
8370
1845
8320
4845
5271
4767
3928
7634
6383
4330
6907
6400
6120
9708
7526
8066
2794
1898
5973
9094
4260
9562
4792
7956
8265
2976
801
4554
8507
9921
3416
4006
6279
9358
1812
9714
9029
9351
7110
9796
8221
5710
3433
3069
3780
670
1372
616
8414
3961
5670
3516
3080
3759
9644
3101
5387
9614
1041
7511
9992
5999
4181
2083
2520
9389
7177
2534
6234
793
9235
6783
8687
596
9881
8509
8530
9408
4010
2123
9032
7418
2026
3737
9485
7391
6459
612
9446
9960
7669
4431
7000
9407
5508
1185
4961
591
2824
7265
9952
7041
7807
6676
9719
4157
1282
7044
7955
6016
6427
6918
7375
9618
7043
5954
963
5677
4473
9588
8138
5081
108
434
6014
5182
7928
4955
1203
5290
5503
7149
468
2265
9451
1227
7912
2019
6760
6161
8573
2487
3759
508
6888
3176
5746
2508
5119
3392
407
2576
9678
7413
4970
1012
2300
9477
9462
6282
7857
9065
1992
8353
704
9995
3279
8693
2126
6570
3689
9849
4
1560
8315
4747
3871
6914
7837
4705
3841
320
352
5760
8281
1250
6408
9417
6566
8909
6544
1736
6799
9273
8761
2247
9945
3074
6755
1189
3167
2735
6215
6207
3312
7934
5305
3772
5854
8175
4245
3966
5330
3700
5097
9391
9609
5109
7543
4985
5967
4461
1791
6620
2232
8737
1384
7089
6535
782
4883
2999
8964
7072
1598
5
69
9552
9006
7387
8072
8983
875
7508
930
1366
7904
1942
3816
8816
6833
1536
8496
8782
2419
9396
5045
8533
7303
5791
9188
3197
1181
5178
6707
8135
1425
6241
3180
4999
698
4002
4979
3277
1385
40
8332
7050
2993
5485
8012
8804
111
1037
111
8622
5326
7995
240
9288
4455
9829
3537
432
9201
7184
7694
2372
4638
7217
2078
747
6963
1706
1211
150
3340
6826
1209
8668
2948
7163
6284
8226
2203
5906
2399
4167
4936
3191
1668
5669
3652
3816
7144
4355
3012
432
1170
8741
235
4546
4011
7454
880
5976
7277
8846
767
8500
2661
7990
6913
4743
6136
8916
969
2873
4061
5565
8704
7929
8089
9607
9721
7573
2309
5423
2455
2952
7843
1152
4304
4327
3878
9012
8629
5032
8439
3969
5995
7127
8994
2069
2128
754
2145
7464
2161
7703
3887
4135
1104
7244
6716
5096
7956
1413
6533
3048
7789
2854
6787
771
3328
2952
6319
6579
6162
6993
5186
6960
7196
3534
355
6784
4846
3049
9911
6166
733
783
7277
2880
3669
7817
325
9441
1956
7335
8666
5556
8773
2999
8344
6838
6423
1272
6410
346
7663
8117
5082
6684
8026
2230
3092
9358
1239
4727
7039
7076
7614
4737
3599
4167
4113
6117
5166
8253
5823
1567
8831
7398
4344
6872
6382
8495
215
7391
5632
1959
8759
4451
9940
2099
1352
6412
8646
9524
7723
5284
9847
1661
494
4683
1788
3079
4850
8099
4091
1043
2860
8931
1434
4647
737
7345
2028
2241
551
1087
8595
2511
8908
8541
3907
8090
8131
346
9639
3242
2898
4581
6797
3912
1638
365
4241
9059
512
7013
2114
6445
318
6631
9678
9877
5359
2042
5037
3166
7827
3987
5442
9811
7394
3383
8662
643
9639
6480
2057
8729
9002
893
7771
3468
3950
4049
3983
6691
2507
1483
9855
7578
7322
1882
7597
8922
9860
759
2549
1711
9701
549
5388
7246
4926
231
8874
9294
6010
3038
3616
6608
4689
6449
1424
6808
6370
2274
6754
9638
1496
8457
6815
6331
4519
2161
9487
368
9894
1926
7456
644
6735
3000
2652
1801
6615
5772
1317
4358
7629
8892
3174
1625
4921
6499
6904
33
6742
6495
2529
7396
9377
7002
6656
3809
1669
7736
2763
1487
5754
5099
1316
9592
5466
188
258
8741
4279
4129
6690
60
8837
8451
9177
1454
9008
8516
4320
8886
6191
537
1052
9242
8220
4395
6376
5009
4090
3088
6786
2637
7222
2124
5977
4392
6515
5346
7919
3330
529
1138
893
168
2166
6784
4486
9427
5107
5025
847
7807
5666
2527
4801
5388
6645
4568
9894
383
6323
9489
7017
6281
8607
1325
950
29
9838
4317
3441
4155
7456
7054
5481
2601
2895
2387
9228
9125
6145
1635
4103
6593
9360
5972
114
498
3078
4815
7085
5044
6800
3531
328
9060
3201
7525
1258
3380
3544
3461
6695
8133
6765
4160
6284
4361
626
4776
9036
6366
7775
8062
7807
7729
2507
7864
4034
9227
10
5225
1017
5364
4789
6460
7557
8666
2418
2864
9786
2759
6566
6305
830
1762
981
1193
8543
783
8297
1010
6288
634
1789
8611
8741
1342
2131
5575
5762
4389
790
705
7657
7767
8212
225
8836
2690
8604
5025
5328
1841
1493
2326
2975
6640
2322
2105
3404
5215
8898
5603
6538
8970
3286
7896
7676
8058
1557
5375
2022
3554
3211
953
2660
3760
8991
1217
2082
1667
9504
3107
8327
4842
743
5856
8613
2707
6332
276
9447
6311
8658
984
7334
9491
1599
8415
7012
8965
5985
5738
1892
3276
4376
1639
6712
8691
6379
6586
1246
2054
5751
2418
2967
3585
2079
7379
2600
4232
8206
5717
8351
6004
6575
772
3826
1201
5121
6092
7492
4115
2758
7220
7068
7684
8671
6384
4925
4720
4773
5342
9250
1734
1098
7783
7184
3228
6277
232
374
9388
2091
5864
4063
446
5104
2058
4446
7764
8935
6875
4524
9756
7581
7291
8964
8824
2146
1094
1099
2546
9654
8495
5423
9157
5060
9517
2630
5319
217
9027
8460
5335
2018
263
3180
4112
614
3764
9951
8962
5938
8625
1211
5180
3965
3364
6208
7711
2897
7948
6418
900
8033
1382
4226
4299
3327
512
3356
6280
3173
1089
3434
8545
3459
1346
5563
9619
4344
3812
865
4719
711
411
9698
1145
3392
8505
9088
5452
3097
8215
5536
3657
8125
356
5411
1908
7862
7586
7133
4120
6296
8361
1792
9054
585
8732
2663
8631
2890
9972
6773
4174
4685
72
724
306
9876
8516
625
393
1930
8571
5648
5709
3607
369
6302
5642
5005
6013
5064
1022
1827
1706
5417
9984
8662
7135
8184
1524
5736
1310
9844
7386
9683
5128
7537
3517
6021
8962
4132
5440
3542
6416
3893
4665
733
8269
9096
1201
6122
9801
4435
911
9868
9934
9008
4783
95
9013
7521
9608
5143
9476
1524
5379
8401
8403
6866
5206
6778
5948
7766
2538
1851
220
959
4979
9481
2375
7048
6477
9057
4202
6844
5674
9229
2058
957
3793
8788
2249
1912
3164
4003
205
624
2920
1877
2442
3067
3596
5468
6837
7751
4513
9661
4882
3450
4127
1418
2880
9819
1361
1636
4616
1038
8778
3845
9185
4604
4907
1397
8825
1219
9666
5687
9857
7994
2227
6703
9174
940
9551
5082
5627
561
305
860
7251
2815
8448
86
9949
384
9825
4757
7254
548
1191
4762
8810
8502
8560
9989
2390
6221
5101
6049
5834
5734
7245
1295
63
4543
8230
8553
957
40
7366
1705
2128
4410
1989
5145
6863
8663
4709
6721
3608
3564
6979
6614
1355
9503
6981
2629
4471
1556
7134
4014
2752
8998
5758
7953
3974
9168
7022
919
5763
4227
9781
7298
5129
6485
2864
3591
6711
2443
6425
6061
4298
4680
4125
9151
7001
2300
4663
3650
9852
639
2008
7531
7065
3292
1661
7592
3816
5792
6408
8145
8076
9143
1524
6016
9441
5159
4550
1326
4615
4581
4147
6305
5288
4493
125
3935
6589
8262
877
371
5229
2597
147
1900
570
3037
9882
3135
4212
8588
5196
6013
9288
8192
4059
9553
2055
574
7033
6244
3714
5157
774
9524
6265
1529
8452
2387
465
1585
8398
8009
3824
2572
2250
9259
3266
8404
3829
5897
7338
4398
7532
7490
758
6122
4063
1173
5850
3280
1105
1904
3417
4903
3590
5898
506
7327
9216
522
6498
9294
7512
2277
6537
5431
8906
5855
586
1510
8445
8037
7091
8479
8459
7078
8526
4331
3899
1055
6428
8562
4148
6974
537
3386
7338
8680
7898
4540
3215
8198
2948
1115
3162
9269
1465
9631
2378
7550
6061
4309
2329
5169
1446
5955
9291
2587
5184
8146
9219
3610
3194
5254
3880
1977
3295
1602
3378
4864
3355
9289
9853
5025
9795
9401
3018
3636
5976
4499
6881
1122
9208
5271
8157
7356
3525
35
9770
8
1580
3441
5690
3462
6786
2995
5676
6515
643
2279
5918
2999
7002
907
7202
3206
5119
4483
8181
6302
2103
7962
7423
7874
4837
5314
5772
7758
712
8903
9445
8566
9501
1086
2894
3876
8641
6215
4461
6706
7350
9897
1943
587
4992
7138
6020
7788
2769
3427
2336
2257
6536
5431
4376
487
2472
4161
6552
4168
3531
6618
752
574
3138
4750
9125
1343
7960
3241
6417
8577
6247
7887
4083
4468
5140
3491
8011
9465
3674
1544
4853
4262
9167
2823
7667
7031
6226
5554
9278
6743
7050
6458
6104
9616
8279
2932
7370
2834
5545
3439
3962
6686
7770
8937
9627
9159
1434
2782
9318
7420
6316
438
6292
1867
669
969
8025
92
6700
4597
6442
103
7012
7296
9373
4298
9801
2580
5913
6043
6650
4063
1893
8831
1348
3344
9589
405
1785
8590
9980
1268
2645
4270
2699
3448
7610
89
5632
9568
5399
8586
8494
2942
1160
2063
9901
9590
1353
1800
8746
1949
5034
3299
5685
9053
457
7500
5621
9753
6956
5467
3644
3092
177
8293
2400
9061
2508
8326
4748
7143
4372
7822
5397
3093
7560
3378
5015
113
6531
8967
7314
3403
2220
3066
2810
9012
6234
4659
7635
8229
7505
6646
9318
4870
2317
6455
944
5460
3784
2549
5407
9882
2661
3112
3299
1911
2258
9413
188
5422
8532
1808
7861
6484
1893
5259
863
45
2090
9351
8405
8057
3215
2642
3443
6209
8958
4415
5287
8609
512
4818
4560
7550
597
1303
1022
8625
1180
7312
6507
9968
1977
620
8674
1631
8221
7175
5021
6792
2022
5298
9449
220
5481
9720
4029
6588
4304
9186
8783
9105
2109
2622
6603
8191
4208
2834
5996
3209
8684
4728
1561
9290
1359
1534
3563
9247
4792
5352
2923
2
3467
941
7645
6990
1323
9502
3075
7574
1358
8543
8403
57
6743
5737
317
3114
3507
3445
9365
4500
3700
8453
7421
3078
9810
2552
767
9476
3821
6333
8701
5789
2599
4668
5269
6277
9368
6575
6025
460
4120
289
5087
5297
8519
7705
9305
1213
1115
5162
3184
5829
3728
7218
4707
5330
461
6487
509
2396
9778
6683
8224
1215
8617
5538
3614
8616
5021
3185
784
3280
4521
4831
5811
8772
2796
9245
589
2744
2495
919
8472
8068
1438
5525
4507
2676
566
6248
1081
887
1819
3397
660
9044
1534
7576
3685
8428
3335
3495
9264
8939
7050
5304
3059
84
8061
6448
7962
9706
6733
1284
7224
1883
8074
4116
3328
3237
6136
5911
7014
8796
9206
4533
7175
610
9366
2782
8142
2461
8179
1457
6803
9565
190
5443
8090
1940
922
2240
5174
658
2442
4289
8899
2883
3333
9063
2324
2420
4885
8202
2352
2937
6380
4010
6488
8497
406
5123
1648
9875
2882
1050
5307
8807
834
4838
1555
1425
603
1834
4967
1536
4392
7155
5533
1147
2792
8651
725
4852
6570
3827
4204
8833
2204
6475
655
5198
4563
2825
8691
4478
489
3921
6777
174
7059
8389
7334
4756
8611
7910
7072
2326
7051
7987
1753
8901
3159
3956
4946
5662
6440
9052
9623
5857
7735
2294
5064
4075
7043
3550
4619
4402
8153
6213
8004
6633
8562
5755
9966
4405
105
7245
3623
1775
2934
3249
2805
3311
1013
2436
3343
9523
8068
6410
9627
6263
9405
7473
151
8675
6298
6250
2509
1591
1491
9934
383
3277
2950
9649
3041
6850
9331
6915
8738
1531
2549
5280
2355
9662
7726
825
2590
3648
6586
9597
4025
7930
6959
6851
6342
6146
3622
3976
797
761
8724
4876
2979
622
4590
1819
3130
8289
3571
1656
3262
13
5667
8520
1211
5538
1696
2199
5859
4900
5442
5258
2826
9976
4834
5704
2884
127
7069
681
9489
2824
4664
4769
6973
6303
204
4572
231
2442
7874
6585
8800
2627
2092
1309
4257
1742
5090
9042
9505
784
1718
4415
5117
3763
3740
3458
1630
989
7364
7799
5559
9043
9078
9005
2735
5468
4119
9014
5725
3845
9496
7680
8210
9254
1749
3177
1925
6813
3293
1357
3281
3231
700
8274
6957
9861
5327
4752
6367
2013
9746
7197
3904
4077
3255
6626
8100
6919
3325
7101
1455
2763
2430
898
7333
2253
7609
2707
7456
3703
5750
8992
2430
7066
4702
2699
7210
8077
3292
2140
6042
2454
7713
4218
3313
7811
1700
8977
1286
2983
3206
7369
6809
490
6784
4253
6312
6411
1125
7248
1476
3635
8527
3940
2582
7854
8708
6105
1104
8744
2032
3303
6971
6306
5657
5744
7855
3063
265
8739
1770
8558
7449
3663
8429
9823
5148
4555
3122
211
1541
7110
8081
3956
1055
2587
6978
381
3018
1769
2382
3086
4847
9586
145
3106
6616
3067
7581
8675
601
4115
4464
7964
9698
6282
1225
7628
8137
130
9764
9327
8581
255
3118
7224
8219
8042
7204
686
7943
3697
2015
6340
2010
3748
6744
6951
7144
6317
7751
1990
312
7070
5221
8817
9270
1394
7512
704
4370
4086
3010
8350
6827
4254
7685
4757
262
9110
43
1151
3972
4645
391
8903
1773
7904
3025
6137
7580
6107
3149
9041
5084
7835
4977
5888
9860
2756
7416
3310
2460
5072
699
3635
4973
4210
2360
2681
6539
3405
2290
4419
6452
9626
3668
8737
6949
9557
4082
7342
4283
2799
7990
580
5797
7980
8431
7911
5828
5054
4983
1312
9369
2433
9755
4028
4419
6339
3103
5813
1273
2450
6571
7659
1183
6685
9433
7230
7689
6231
5281
6313
5931
5306
7991
5751
7726
5889
1004
5734
8549
6436
8330
2518
4829
9030
9404
5643
6810
5897
261
4943
4962
3602
7513
1621
9911
5463
2154
9323
6385
6959
8663
1172
5750
571
4957
2491
9897
6345
2145
664
1545
6649
8003
647
11
1539
946
9699
4046
429
1244
7861
6388
2698
3436
64
819
1192
7575
523
4869
9683
3865
537
2848
7822
3279
2265
8500
6731
7720
4467
5746
5932
7223
730
3303
2983
6026
1908
9057
3322
241
1296
5939
2083
997
9500
6172
427
7911
4707
4217
7377
1333
7681
3170
7328
9060
683
7840
6326
9938
9080
5744
8671
5388
6218
5220
3241
4579
3036
3289
7014
3143
8586
9711
5657
5423
4392
4873
4230
2779
7131
9288
3340
6603
744
9542
1748
7309
8682
2108
3980
415
7241
1004
8108
6505
4373
547
3110
7809
9721
2801
338
6550
6460
6836
5275
4023
3900
8062
3356
4746
4429
324
1397
8419
5560
6632
6207
6724
3809
8644
9014
4085
9299
1007
7433
5516
7757
2808
6102
9918
7120
1987
6510
4035
5077
8868
9938
4680
4986
1596
7520
3596
8080
2420
5117
3558
2972
3038
4287
1566
7839
1628
2415
7802
3099
5773
8626
9136
5799
1340
7408
8381
2106
4006
3185
8867
8333
9067
2202
9841
2992
6731
4977
3740
4769
4621
2530
9752
9979
6560
238
2098
144
9149
6663
1217
6821
885
255
3051
976
8594
3807
1526
7395
6795
4072
8793
7569
4064
2892
2766
5660
2522
1233
2057
4117
9537
448
1546
3781
1764
6557
1486
2111
7765
2819
3993
1711
9499
2190
6183
2215
2404
910
1227
2655
5298
7493
6694
6897
1157
6549
5824
8406
4128
787
271
1684
2682
9596
1007
9430
9810
9324
2611
8279
8827
1041
595
40
4931
1983
4657
9011
130
5131
8184
1127
513
4056
9284
9017
2572
3646
4294
9686
5713
3793
5389
4896
8011
9458
9728
351
9623
2282
9262
2895
24
4879
7238
6959
9464
2915
3378
7074
6234
1735
7077
1399
6949
9913
4896
5994
6899
5993
7141
6697
9995
1449
4372
2854
1812
634
5566
5483
4821
2307
6800
6855
7979
2609
8481
9570
393
90
5978
1870
3075
8498
7212
6280
4237
1614
6833
8021
6657
1218
3911
4028
1153
5807
9178
7889
4262
719
1194
4480
3419
1638
7148
5799
9358
390
1500
1262
2353
3288
7965
3846
356
6401
541
346
4342
5358
9218
9810
7816
4230
1317
8839
1259
9009
4002
2102
5598
9606
5958
772
2209
1374
2308
6984
8231
3344
5956
6260
1276
4566
1334
7431
989
7827
6765
7718
7222
8080
621
3808
9203
7872
1538
874
7003
466
1865
3478
8854
1505
4108
8905
9867
1405
6118
2553
5399
2968
2543
3600
4439
9996
1329
169
1385
1838
7297
6953
5349
8044
3680
59
9685
1625
1705
3348
1124
9475
1231
5489
8614
8767
7166
4744
2515
4738
697
9788
3557
2660
6553
9166
3692
5226
6132
1074
8337
4597
7096
4727
9771
5810
9206
1941
5484
6589
5383
5804
2128
7898
6939
1434
1510
5348
7437
4552
6591
4243
8940
4283
3440
4208
6184
4736
8862
4054
182
4407
3146
1506
9315
3397
8509
5463
2193
4983
6100
7532
733
3854
8478
4707
9309
25
92
1237
9272
4429
1513
2387
7402
5552
1932
4513
4866
7287
8180
9549
7280
6084
2262
8584
821
7737
3631
6612
2471
9601
515
3716
6780
9629
8435
8448
8104
4321
2266
6062
6173
7891
5610
5619
7776
9263
6802
2760
6383
7627
6303
5402
4234
6455
271
6498
5193
2050
338
9320
8206
5602
8706
8189
9583
1073
6588
4460
9962
3819
4260
9495
8005
1062
7837
8046
4749
5646
1310
9806
5694
4524
3238
7701
2958
7120
6788
759
617
8896
5244
1039
3892
9154
6337
1487
4794
3190
7080
1704
9718
9319
7041
5425
3107
2739
7679
3717
1671
1455
2694
9931
3380
6926
372
6276
9293
3517
221
2032
4547
7059
980
7797
6144
1265
9233
8035
9300
6235
6409
5106
4082
1855
7541
6537
4522
815
8615
86
615
5349
828
9045
9459
3541
610
1447
1544
6053
1782
4308
9441
1701
8427
6887
9602
8803
9480
9230
5075
8559
7394
5753
7805
1938
8015
3719
7942
6368
4939
8075
4637
9381
7000
1604
368
5102
8845
4712
5902
5978
454
3815
2323
8838
1548
5068
7614
9026
1123
1128
8500
3484
6633
7027
3963
4779
931
261
2608
9590
9323
6367
2433
2168
2480
4038
3079
1316
9054
6759
2745
5391
5158
972
8428
1091
3052
2866
6668
8316
6413
2268
2624
9616
1445
2144
8291
3362
8089
2733
2554
1602
3348
9140
1755
7636
644
5163
6876
73
2361
9923
1391
5138
916
4893
3257
3393
8400
6099
3044
8609
4481
781
5708
7375
9270
2965
1469
4216
4907
9807
8672
4966
4861
7255
3488
4483
494
2189
1933
1212
5395
9968
7903
3642
1350
359
8898
6556
4187
7919
4159
9796
5376
8413
1318
6288
976
6124
890
8309
787
205
5954
6977
7809
7793
908
8297
6108
9621
8301
3325
1266
1423
3653
6850
4528
5792
662
6202
2602
8014
3116
5615
8733
4052
5749
1010
7232
3821
8021
5823
5608
3750
6417
7871
5024
7424
5756
9241
4526
2159
6378
3245
1881
4660
1321
4421
5521
883
9174
7947
7790
7737
5844
7480
9346
4487
2193
2814
1542
6734
7978
7564
5564
8955
1224
7113
2236
9646
5257
5649
5562
2987
1339
4063
6165
8127
2088
5569
1820
7561
6001
5201
3783
7491
1040
6087
1854
4037
836
2499
2434
5889
917
1462
9988
898
5974
551
9956
7111
3738
9591
1448
3758
3316
1029
5701
3834
5524
8896
4119
9590
6610
777
2696
7061
9815
3684
7134
6299
2337
2304
8941
6056
7065
4585
3029
8202
7951
3747
580
2220
6137
5176
2240
1734
4156
8283
2502
2769
6657
4994
5428
2049
5945
7470
2614
3373
6585
9614
4221
885
2552
2123
992
5014
1538
5562
1762
5499
1668
3401
4486
1323
5784
411
393
49
3562
5410
7364
8505
1094
2059
5548
5928
6524
6210
9357
6704
3924
2313
916
9673
4194
6603
2533
7825
7476
3354
9357
9252
738
3200
3211
1559
1063
2584
9805
6773
5271
4176
5557
7866
9385
5942
6813
3423
4293
4553
3685
4145
9668
8215
4316
6716
6754
4063
4237
7317
4966
1292
1073
4812
1920
5842
5076
4543
3943
8231
6582
5738
4957
3442
6055
3290
3368
5491
1905
7641
3338
9980
2098
530
4708
830
6924
588
9123
3869
2068
995
3373
7061
3483
7396
3382
2789
1966
4155
3292
1959
2274
7153
1657
6113
9362
5941
6630
2254
8805
3031
7198
3164
7880
666
5660
8849
3593
3103
4881
9357
3953
7190
5403
2107
2783
9137
3360
3917
7371
5830
8072
8984
4930
3949
7014
4108
6289
4582
488
2207
4743
5755
6868
9762
4919
3102
7909
3582
528
3542
1811
9811
3682
3437
9232
8543
9302
5249
3999
3585
7542
9829
1279
3624
7971
5655
5693
9848
3561
6739
1
4241
3948
5222
2368
6942
4658
5542
3631
7028
6974
5838
331
8197
6072
1747
6307
2686
1605
7784
4033
1556
2924
6793
2588
8400
5401
1973
5568
357
6926
5415
6126
4098
1688
8836
4177
378
8447
8305
1983
9756
7603
7538
7335
3502
7954
3563
2624
9235
7218
9889
748
37
7993
5189
376
4241
8273
1391
1561
6220
5207
8019
8640
9261
8246
401
3969
7566
3022
239
9377
3549
2990
5013
9809
8965
2435
2912
5935
3855
8052
9644
2030
4075
716
5273
774
7300
6777
1723
9911
993
662
4512
8200
6322
1245
6358
4390
753
3921
2466
7749
6509
2975
2619
6793
8163
2806
9947
5698
9158
5855
4488
3235
1864
5285
2358
4202
8764
338
4722
3122
517
1454
6130
3550
8925
2028
9102
3063
1484
8225
9807
8765
4204
5818
7492
1028
5065
5556
5493
206
1115
1826
321
1917
2636
2090
6905
1043
8617
5169
5155
7043
6108
2264
1504
3409
2292
2384
3615
2378
3595
5602
5069
6176
8506
3649
9486
1059
8706
3728
7851
3972
4313
5878
6901
3902
289
572
5391
2196
2345
2474
255
4892
9706
324
4851
2596
8620
5640
2721
4015
1102
6471
5041
3932
2745
6320
8953
1745
6367
7845
3769
875
9498
2092
9662
3116
9492
3298
8141
7626
5792
2570
5488
7913
8288
5269
8930
6950
7591
992
4131
9166
9899
444
4995
2933
7481
2377
24
7598
3138
8433
7045
9169
856
1219
7576
7947
5054
520
5266
6234
1077
322
217
3150
4947
2376
4861
9506
1100
1415
2639
5491
6545
1878
5265
3965
2516
6412
4843
4025
8196
5845
4943
2646
7727
7658
8319
9863
8567
972
6001
7541
1660
4957
1110
6162
739
0
6288
2535
6161
1969
3742
1690
4228
9546
3087
9458
4724
6927
8919
1187
5717
8347
2698
9607
5231
9604
2939
4036
7434
4895
7502
4490
8133
9825
55
3097
7842
6554
1164
9546
3799
2718
218
2273
8868
3200
2843
7501
2673
8414
742
6613
9798
7175
4419
525
6133
1077
6809
7949
1744
3338
2937
5444
6607
7299
9388
2122
1139
5583
5459
1519
7766
7651
6317
24
3027
1040
9791
2170
7161
618
5513
8771
4233
3944
721
1335
3898
5139
8885
9641
3921
7448
617
4580
532
8067
2694
7355
397
8659
3005
410
6088
7330
5542
6090
7716
3762
7449
3144
7522
4727
4442
1363
1011
2311
8719
3054
5274
1659
6048
6209
5194
2468
4590
538
9741
7284
8054
8982
629
8836
9119
5054
5380
7408
8648
1013
3983
7211
6979
7203
4968
8180
5347
5839
3711
8357
4644
6857
1950
3795
7511
9307
6148
3397
9270
9560
1171
5275
6476
7636
6831
386
7703
3510
5680
632
4861
1342
4258
5283
19
3564
4673
8126
5400
3747
748
4249
4868
1346
4949
8426
3895
8416
8020
854
3174
2657
7392
204
2657
4483
2657
9802
1384
2086
7021
4161
4516
9556
2580
9984
7778
5144
2702
3182
2546
153
3752
5251
9097
3252
7180
52
9989
1883
1765
8336
7633
7520
588
6491
6518
3992
9471
2452
6009
3862
9082
8634
7678
9826
5894
8056
2820
6351
2613
7115
4306
7640
6429
6074
2006
4380
1101
9711
7284
3865
7766
5650
7928
2150
4567
4358
6615
6833
1296
4846
7324
1971
5305
4088
3942
7778
6200
8522
9543
4109
6545
1929
5162
7829
9009
1708
9770
1530
6011
6487
368
9625
7771
7453
2232
3550
6841
564
915
5944
4139
3606
360
1933
8806
908
1999
3613
7271
7851
3140
6116
8247
5893
2076
3911
816
768
6778
7811
7377
3898
8791
5626
6070
7232
7740
3618
9922
2993
9146
3552
5308
2730
4601
6924
1047
5053
9170
704
1568
2332
9951
3943
7566
9417
7089
965
7589
9077
4140
1151
6121
2992
6883
8937
3087
9977
2744
8447
5447
1194
1045
3478
9337
1203
3151
7665
9668
662
470
2170
7345
6715
9545
5408
2352
3306
7746
2567
5094
5767
8743
1647
3758
4639
9108
4025
1512
886
1207
9174
6261
8216
273
7535
3521
6126
8152
3419
7557
3406
1748
3007
7721
4305
9993
6136
921
8348
9218
4899
4267
5232
8914
2184
1481
405
7112
3968
834
8987
1003
4815
9261
7932
1678
6438
7848
4054
8218
3598
3017
4745
5522
1662
2928
4325
7420
4332
3109
4337
276
9302
875
3890
3221
8018
5119
5892
9637
4001
8338
8161
3643
63
6003
8591
7430
8991
1153
4510
283
2478
2352
1969
7516
7234
462
5124
1489
3958
5568
7120
2560
7204
4539
2216
4823
9050
1206
7911
1335
6868
1266
1319
7330
4766
5887
1832
3142
7721
2669
6863
9879
6773
8196
1965
8740
8450
1430
2195
1798
991
7977
1805
4464
6895
3550
1748
5301
1070
2236
8209
533
5819
2542
9401
9620
5451
688
424
3660
5518
7397
6845
5779
9680
7602
3573
4224
7177
3357
8893
1270
3518
5103
959
5402
4491
364
3453
7051
4838
8848
157
2699
8234
9819
585
8423
1110
3140
256
7178
5829
1055
6591
8884
4460
949
1376
4365
9590
6338
147
832
7280
5187
3047
9472
2633
7592
6475
3332
5812
5481
3139
2853
3581
6983
14
1726
3404
7596
5362
3222
691
8871
1665
9384
2668
5260
5926
8584
7502
404
1620
9020
5152
5139
6866
4394
7992
4479
219
4963
5418
7870
2712
918
2463
1227
7199
3572
9822
7410
1435
1430
7284
4571
4877
3981
3611
7407
8648
8555
2130
2809
7799
8163
2838
550
1131
2811
3517
2521
6587
9244
705
1440
4061
6826
7637
7245
4894
1479
7123
3838
6469
8858
4623
9191
888
7963
961
9628
250
8489
9581
586
3097
3389
6852
666
8069
5163
8065
5590
5553
6693
9687
5295
912
9188
4093
7914
7154
873
7858
3199
6997
6588
9928
8550
9678
8431
2843
3052
365
7897
797
9102
6259
4130
5420
4178
8622
1020
7310
4971
6535
7261
7843
4907
8086
2447
4803
5025
9028
4551
2235
5715
248
1788
5566
3689
5712
6700
7006
5220
8446
8412
4138
7292
2646
1667
6526
7624
8037
1807
2683
2106
4126
1773
1978
49
5785
5328
6599
630
2817
1272
4197
4289
7235
5000
275
6711
4311
3504
3679
8310
5041
7515
946
8724
4292
7009
4224
6952
8257
6920
5466
6851
8709
8816
271
7438
5501
253
5621
2452
555
2219
1651
7420
355
5784
6150
9124
3940
5923
4529
3187
6501
7864
2474
2408
5483
4900
2330
372
229
2011
3763
6257
5219
180
9656
9313
4814
1025
2054
892
8036
2705
3563
7474
5874
6071
4304
8847
2128
2760
2251
198
7117
9479
1478
4616
3657
3475
8264
321
1722
7144
9134
1442
2520
5543
460
3356
2004
746
3207
5458
3026
3741
1634
8361
3480
1389
7852
6047
4535
2786
1466
3013
3351
717
2551
1119
1001
854
2211
3393
6393
661
9103
4853
1012
1721
3616
1796
6888
2035
5082
3397
6060
3646
1588
226
2767
4086
7405
9422
5563
4430
2073
4777
8642
3195
2021
8879
9930
3995
7859
2217
9870
2191
6680
6340
7091
7616
1611
6493
9195
5009
6874
9777
9801
3302
3420
8786
6833
2155
8720
1388
9548
5813
7534
6982
1937
6788
8280
9217
9922
8486
5070
4003
5439
2922
1704
7336
8833
9842
9436
9166
2675
353
3111
7178
4497
4012
2810
956
6786
1515
8726
5293
1217
9812
6477
8571
6275
3665
4972
4157
3053
4206
6867
8226
8345
6411
5853
9261
9219
894
2917
3101
2177
5484
280
707
3362
9336
6046
9699
8625
2605
1701
1056
6185
7002
9933
2025
8446
7440
6588
3087
1749
1235
8049
2776
2831
6220
727
3867
513
6805
6619
4561
7643
2756
1475
5686
6398
4603
207
1934
2639
1347
2983
219
3025
3955
3575
9832
8466
3268
3113
9701
2190
2572
3423
7161
8029
876
6823
6916
5317
9599
3995
8149
4838
1156
6423
7413
8340
8441
5602
4407
242
9285
4736
5804
6300
6415
5368
6879
2113
659
8939
8352
4543
6914
998
5470
3740
2640
1362
6363
4279
6038
7490
8137
8961
8397
826
2435
7103
4205
7891
1356
5849
2802
4768
2071
2067
2043
7275
1868
57
5202
5373
1321
2069
8297
6462
7880
3801
4313
9425
7518
254
839
6585
3845
2581
4620
9544
9759
5799
4714
6999
3096
9957
4193
6142
2206
7092
8706
1667
7758
4208
9688
1143
3562
7679
7683
6667
8347
1390
9239
1995
8585
5955
9590
8568
3517
9967
7746
3185
318
1562
2090
7034
4618
6759
9888
5477
5617
980
6202
8142
4055
9163
7899
1367
3274
1726
8254
1311
5401
4408
5282
9690
7090
5581
4009
4013
5329
4594
6135
5144
7942
3201
439
7125
6288
8834
7648
5925
635
183
5011
6714
704
4556
8063
3820
1610
8370
3737
796
6820
9644
1135
7796
5538
3226
5105
742
7044
9552
9464
8632
5127
6159
2885
902
9303
492
2226
1850
6811
9411
4860
3013
2779
7946
8420
6990
2371
1362
6608
751
2670
892
5849
2041
4552
8775
8563
204
3889
3397
7524
7689
127
6821
9498
4578
2622
4470
5467
8581
4434
3180
3907
901
9646
8728
4650
9034
2530
2784
2865
7592
7541
6269
586
7046
5962
741
6137
9604
8604
5850
8253
1544
9675
7636
1602
5509
2079
8974
5180
8292
6568
3630
2001
9490
4666
5908
5981
3256
2916
4572
3056
3661
9773
2136
8744
4599
8284
2377
5411
9264
1507
872
4423
583
4757
6898
2430
6503
597
2313
500
6665
4208
8018
8985
3699
4395
9069
4092
2503
2108
1443
2245
8907
7588
7148
3500
6722
5198
181
3598
6729
6779
6972
7362
9116
5877
283
4627
1600
7476
2471
2285
7434
1771
9116
1792
5513
3421
2613
1369
6320
3271
941
5375
3151
6531
16
2598
512
6839
5150
7067
3815
1034
8121
7947
3196
9461
4063
5025
8995
5125
547
584
4103
3339
356
9705
4568
5935
7888
7794
9308
527
6726
3871
9497
6912
7635
3078
5244
5339
1148
6839
6617
317
817
6556
3044
9786
566
5696
9696
5358
8536
6238
4146
6969
9314
5215
4283
2072
5296
5528
8711
4622
6210
5110
1797
1728
4034
2289
9992
6742
60
5930
920
13
8139
5547
5840
9985
6668
4069
8471
3984
2586
4517
6209
5684
7294
6300
9389
121
3325
8109
3104
9962
5576
2578
5630
905
8973
8506
2309
391
8747
3815
5267
8591
7684
3935
833
3725
5174
9629
5157
2800
981
1208
6643
2733
5164
7187
1199
7329
988
8508
3066
7605
2163
3474
9229
8407
9142
5132
1440
1094
4165
8876
490
5245
7256
7978
3974
2105
4819
8718
2713
2734
9098
4441
5366
5901
9177
9862
649
677
2111
5525
9021
7739
2016
175
5585
3187
8537
2248
2033
4163
6129
4598
4348
6798
5247
6296
3030
1956
5829
5592
1664
3414
8334
3599
667
7965
8357
9241
9002
2268
2489
6774
4261
3761
5356
1070
7094
8777
4865
9877
5108
9353
7491
6614
3904
6772
1238
5121
8509
9947
7483
4419
3184
3915
4757
5602
4356
4634
6490
2310
9797
2757
5214
3164
1533
7106
9901
5851
4599
1360
5231
5410
8375
3483
5660
4043
506
3753
4474
8520
892
257
3121
9995
4072
9508
5402
2049
8328
6586
1128
6514
7488
7264
1010
2612
6129
9179
5179
7227
6363
2959
1818
776
9934
1271
8208
3992
7706
7093
2562
5328
5382
6143
8995
4149
3714
8822
4129
8008
9393
8562
6351
3183
2123
290
33
6635
905
7991
8420
9092
6067
5434
2958
5951
6003
2660
1145
1800
632
1541
3201
3374
2130
6866
7498
8086
33
5932
3332
7816
8219
3983
9326
8910
195
622
7138
5183
6613
813
7843
8040
6669
4127
3591
1752
6362
4333
196
8014
6275
2699
6804
7203
8200
101
3862
4923
1940
320
181
5028
827
8630
8257
8061
9306
5400
8050
2126
793
9731
2176
8842
4539
6534
6721
7128
1298
4333
6252
7680
1172
9188
8393
2456
1067
4059
6980
8256
4096
9711
8733
7133
1232
6184
3629
9684
2985
2251
4464
8434
5160
2427
7359
7498
1189
8942
8351
4
7569
6910
6318
1713
5938
9010
4126
3147
715
1971
9426
1968
2221
3885
382
763
4900
4273
7616
8317
2564
1520
3212
8506
7239
1823
3455
318
9372
5077
4517
9237
6626
3077
2524
1769
3891
2565
4253
1479
8984
8941
7461
919
3449
9062
585
9790
7579
6730
7642
9332
1488
4954
638
6088
2245
3479
321
2402
3097
1410
4448
4688
9832
2337
1257
1105
8236
6300
2427
4865
8585
9912
3253
1634
5485
7113
1016
4085
475
8826
4585
9286
4872
7800
7720
250
2734
6935
1655
7277
3883
8945
4584
8957
3695
8067
5838
25
2688
6849
3202
5537
7748
8251
8580
3532
7566
844
8471
7692
5329
5844
6078
360
9981
1510
8270
5173
6484
6895
518
7383
8818
4029
2260
1950
3629
5322
6683
7114
8896
3442
9089
5756
1158
7875
5077
4926
2018
6699
5981
8371
8436
8774
6163
4305
8693
9576
551
6342
6660
2126
646
676
6972
9783
1326
1432
2579
97
4127
2496
6493
3433
9384
2329
8081
7417
1588
2408
9937
3519
7108
5689
7534
1845
2395
8139
9387
5972
3334
8967
8930
3096
3042
5567
7794
6060
3350
2138
7143
2058
3018
6357
6389
1648
6501
9457
4795
22
4446
1328
4774
5110
3415
4514
6930
1575
1673
9442
7664
7210
4272
2232
6159
2073
1467
6624
5135
4095
4650
7681
5240
9857
9148
7212
2727
4090
6980
3404
6917
9322
8519
1961
2397
608
9409
1519
6731
5429
5189
9317
1769
115
5216
3220
1843
7269
5053
3649
5524
2821
6916
3289
4627
1941
3485
4025
2945
1855
5909
564
5994
1271
9575
6734
3627
3992
9306
7125
3495
4060
2533
6558
844
2240
3968
8394
4310
4883
5882
6391
6297
1015
1885
6694
6944
8742
6945
4413
6109
5722
8984
8613
7563
4187
1210
5878
5848
4256
6759
1525
3867
3564
2311
8886
2110
8551
1711
5801
976
5402
1895
4386
7616
3586
3782
1997
9915
2501
6037
9899
9174
8062
7711
7105
8455
6472
9752
2286
9314
2908
8767
1116
9129
6114
7270
3931
2439
4393
5189
9938
9643
3793
4751
7809
4459
230
2018
1511
1516
3160
9383
2331
851
7451
8902
9185
4621
8164
8423
533
7813
3143
8127
4349
2476
3869
7181
7625
7099
1225
3492
4761
4413
9997
1363
5286
8506
4839
9262
1229
3342
2384
1354
4413
5131
6994
3975
7413
5613
2982
2463
8696
8927
7250
7817
9864
3263
190
2725
4433
5417
104
4500
3072
2231
1346
2276
5069
8434
2335
1703
2867
8016
3772
4783
4280
5215
6154
4906
6815
6323
8611
3237
8753
7768
9126
783
8945
6317
9382
1812
6834
1296
9300
9425
7775
9581
6242
6823
7939
5543
838
5934
7814
9276
2173
5190
7140
3750
6351
3052
9657
4078
1145
5305
7638
1913
1162
6229
5952
4216
9575
1051
4906
9808
7112
5405
9088
1423
6368
6576
6814
5055
914
522
9432
9591
2167
2017
4047
9330
6250
6222
6411
6745
4951
8166
5328
4116
9049
943
2210
3845
1611
8484
4509
7076
3527
4656
1759
5234
2990
9834
3381
4342
8839
6073
5355
3625
4798
1990
5663
3956
2558
1652
408
4556
6924
1793
8272
8898
5332
3260
2166
9808
8865
7025
6312
7957
7154
4098
9762
7250
6981
8937
8463
9290
6030
6841
4838
2877
4809
8014
3866
5895
9975
4615
4872
5181
3684
4258
4976
3557
8486
6588
4874
9744
1719
1524
2285
3809
1145
3132
6320
2967
4654
939
7637
8834
8112
3398
1802
8148
8374
8266
9031
2223
8004
5715
9404
8180
261
8149
5928
5824
8411
8430
3157
5688
3422
7907
6243
3361
5175
2108
874
4905
7947
3334
6906
5178
928
5235
8074
510
1187
3097
510
409
7971
2672
7966
9241
6198
9203
2024
8496
1091
7920
4858
6596
4327
7276
9303
6529
7236
3842
7771
9922
9008
9385
2502
382
2648
9586
178
3359
7591
3482
8849
3567
1799
2639
2192
5112
3910
134
4770
5181
8518
7348
6653
2495
1891
3490
9797
8387
5244
9417
2002
6374
7434
6058
1741
7201
4601
614
2313
948
5985
3518
1526
761
1174
5897
7819
7787
7943
4303
4332
8111
687
3709
9705
4543
9063
2947
8409
7034
3695
5709
6661
109
4415
9563
1299
7976
7289
3554
5031
4645
5734
5633
6829
1032
4717
6786
1699
3801
1982
1398
8580
5869
9335
8370
7479
1587
5447
8930
9711
5100
1632
4947
4271
150
2568
7928
2355
9525
9622
9882
6111
2497
291
3197
7580
8725
2563
9248
8676
8262
8939
2987
5567
9496
8761
3096
1262
4041
3104
3780
6249
3631
36
6397
4954
742
3596
8587
2298
7803
2038
5071
5759
5077
4141
7346
9046
9467
744
5113
5347
2762
413
882
4744
2630
4108
7950
5633
6501
7749
266
9691
3353
1666
8041
9554
8576
5395
639
9716
3778
6657
9973
8795
3177
8223
6460
1916
5141
5782
6350
7167
121
3829
1397
7870
3491
1276
4316
3019
9079
9041
9898
6296
4290
5668
9468
6741
933
5802
763
5094
4215
9741
54
6884
8074
6751
3363
9741
3039
8347
7544
4457
4776
8442
7850
3421
6036
3567
4652
6786
370
8573
2708
189
2102
4895
8522
1438
4098
2558
8041
3292
860
7259
9706
3245
7592
7454
1095
76
5553
4036
4221
8055
1728
9745
4993
8258
1762
4548
9587
9319
5803
8797
3766
6996
7969
9765
2750
8323
4577
9986
4148
4277
8821
4436
7048
1637
2954
9830
8036
4816
7549
7013
8279
6317
8096
3772
9777
4430
1932
3245
6322
9674
6013
1548
7899
3998
3597
9673
8916
2382
8187
7608
4661
2677
5033
8956
7208
2839
5070
1602
1205
4963
5828
9176
8903
7397
5684
8793
2464
1912
5203
514
2474
4491
4924
2381
6445
9526
9896
3070
1890
7751
7135
6594
2490
9328
5149
9486
7114
841
4996
249
1262
9330
1267
9224
3578
8771
9517
2469
2132
4443
196
5375
1089
7792
5619
5843
4538
7307
9727
5454
2845
9458
6542
81
249
4079
1840
6708
4380
5785
7286
9081
7860
4586
1752
7455
4689
1544
3535
9535
2453
7431
2481
109
6163
8046
1766
6797
7857
3132
8729
172
821
4054
1345
3541
6066
7358
7133
6981
9580
8299
726
6676
1876
9159
3481
1430
1599
1528
1686
1410
8221
277
6221
9467
4944
7587
6940
1239
7704
4938
8168
1138
7130
8222
5467
2268
1351
9696
7122
1759
7061
2295
3918
9855
8024
8807
1558
6636
7201
1050
8977
4356
2188
6299
5561
3421
502
8395
468
8225
3660
7900
2029
4508
1506
3781
5890
4816
2858
4213
8137
1669
9892
7422
1163
740
5874
6949
1819
3333
9374
7823
7237
4603
7788
2962
6514
4690
4955
5737
9513
5636
3342
3887
9873
8502
6757
1546
4926
5985
7525
1998
4193
4348
9127
2099
7354
9940
7599
8273
9955
4633
7609
5103
3122
2174
7281
7488
8895
8799
5227
629
228
4898
2781
4025
6837
1232
84
2993
7120
3755
5466
9918
3402
8580
3580
4538
8435
7900
979
9766
8061
5117
4724
3665
7146
7407
7414
1295
8991
6191
4989
8374
9738
1526
351
8321
5022
9411
8012
1970
9202
7666
2206
6128
7160
1369
9965
520
9967
366
4213
6536
9855
4501
4561
4011
6111
7059
3010
2702
8829
9690
1078
8768
5987
3024
6270
5819
6049
6876
2531
8193
2690
6653
521
6229
1846
7035
3741
1185
797
5265
1604
3852
8486
1387
7582
5460
4756
3595
2416
4913
4560
2167
3647
1954
9420
3989
4678
595
1357
5527
9197
9662
3641
58
9715
3497
3166
8742
6948
4437
7765
6288
387
9436
9450
8294
9711
7798
3764
642
4970
628
8484
7684
9426
703
896
6992
752
3641
3015
9801
3671
5740
6507
294
2728
3756
4823
8220
9743
6450
3017
6566
1455
1187
1434
8737
6674
2729
4525
7890
3368
1031
9724
1569
9636
6707
1171
6959
5669
431
109
1597
4105
4036
1981
841
6032
5110
3214
772
5358
9924
2755
2235
9029
6104
8982
7740
4451
5516
5806
368
7516
1761
1729
6110
7552
8988
5920
2713
3906
1109
9684
7189
7629
1219
9553
2456
3080
6921
4088
4571
4766
1121
6343
8869
6297
2268
9702
7299
318
2789
6545
2872
7360
699
5303
4184
1309
2051
9180
711
998
3142
2431
7189
5841
7833
1521
167
2082
2461
1817
3162
6914
6411
2601
4431
3485
5180
9885
7068
8309
3252
1341
8666
1073
8461
7722
6008
1428
9676
5233
6053
5390
4802
4640
6109
4822
7229
669
8167
3363
4806
5765
6648
2844
9335
904
3931
7430
8491
7368
4815
8251
3410
2767
4176
44
9829
7576
5222
4473
4608
2834
5177
1347
3156
5969
3106
1952
4831
6672
2571
4368
3940
2197
902
6602
9089
2214
8732
9501
5204
6770
9622
4528
7933
8308
2804
7507
9525
7677
463
1827
3148
3948
3197
2825
122
5651
2246
8739
6630
7794
1669
6573
2753
2152
2421
5417
836
8738
4016
2507
2582
6036
7896
3200
127
6645
8986
8824
6234
832
6264
7562
3322
9183
703
4260
5415
9121
1543
1225
5225
1737
4620
5863
7792
7542
3698
8725
4021
2366
7005
4037
5081
9043
3130
1871
7421
2034
7086
891
3142
5532
5531
7876
4763
2657
3546
4021
2770
7883
4052
2536
860
43
7650
1692
8736
177
6158
4848
2098
7183
4356
5034
2148
8544
773
5422
5210
5970
8586
9766
3783
5922
2080
1586
6527
3221
8349
6433
3731
8592
1582
7873
5141
1255
7926
6666
5837
1711
6657
4468
4500
6204
9821
7527
5556
2950
4186
8431
2427
5096
3841
841
6453
1318
9068
5235
6919
9494
9109
8695
9415
4913
8683
7001
3049
7996
5963
1146
8873
9902
731
1898
5724
6749
4770
9156
6330
1660
2246
2035
3624
2655
4849
602
4128
9414
1017
6250
3872
5352
8685
4831
3006
6365
9689
6053
4682
7204
7324
2381
9921
2285
9895
1766
1871
3761
8951
2381
4375
8824
1405
2441
6307
1352
8938
2781
8528
8962
9327
7444
7311
7612
4264
3292
6274
8278
8793
2164
9351
3504
3013
3517
3131
2504
304
8281
1478
8009
7972
115
786
2641
2447
1342
6886
9600
5297
5062
9113
6993
561
3137
1623
6255
7427
7853
4614
8079
7756
7379
1045
3603
3203
7453
1720
94
7578
5503
3767
9056
8820
9405
9108
3397
1679
5780
3724
2834
3494
8978
2123
3266
5433
5334
4419
6986
7662
3331
1129
9308
4821
6674
1792
1974
2912
5340
4618
8138
6143
6478
7663
6780
6760
363
2872
5687
7882
303
2068
4780
1199
4656
5676
1019
2126
7189
3288
5465
1881
3556
7874
6735
6335
5633
6874
7239
9841
2193
8659
7419
4761
7932
828
9396
9566
2501
939
8014
164
8837
9157
2746
3210
9512
7642
1338
8942
4
8092
1847
7731
2616
4941
8868
4825
6342
1272
658
3920
939
9004
7213
7939
1182
2288
4298
532
6824
3502
7480
6915
5531
5414
2653
7270
6616
4213
4824
8199
8312
5568
2303
6919
5658
3423
5759
5161
4103
4676
4490
54
2605
2216
7179
1463
263
2433
4162
2471
8999
5634
7063
251
6494
1008
5531
841
1242
8668
1091
3501
6061
1375
4673
9391
8542
9699
3979
471
4287
2616
2434
4338
1002
7046
771
5039
6919
1710
7275
4384
8499
6339
5404
1607
305
8567
1796
4118
7091
3584
5455
464
7503
2424
2277
8047
6978
7624
9346
3076
2946
3499
6437
7900
7288
8939
4597
8119
8499
409
9658
5309
8205
6632
3262
2320
734
874
8375
1788
8037
4338
2608
233
9085
9083
3787
1803
374
5888
3984
6023
6088
7071
2535
8368
8098
2523
9182
1281
9305
6014
1902
308
7930
4609
6350
8071
7448
3658
6293
6166
8615
4289
657
9574
3007
7636
717
3148
6059
6001
6280
