9491
3757
3801
2296
5973
8639
5946
4839
9115
5933
1031
8124
2880
7160
2050
3837
3410
7126
8701
9585
841
4448
1500
717
322
1616
1220
9591
9133
3441
7192
9758
9668
5132
5098
4201
2959
6931
8808
6183
4142
3953
5879
3070
4005
7923
9935
4772
3272
1313
5750
5345
9007
4604
809
9527
9957
6366
5170
9779
8748
1839
9122
2764
9921
1345
1156
3243
6723
5558
1289
3925
4141
4088
9437
9106
2034
6283
3135
3994
6083
1679
9292
1262
7188
8974
7085
5736
9752
6913
2976
9342
2762
6318
6490
1720
2221
7871
7868
3422
3287
9118
4006
9286
3465
8505
6688
4535
9458
2719
8538
8251
6470
1554
8126
7313
9956
9320
6364
6682
2698
9663
4608
4567
4029
8718
9968
2474
4309
4647
8476
5186
7615
1473
4404
1512
1668
9833
2714
984
4202
3717
7250
8565
4500
8121
2313
9838
4400
4780
742
2870
5693
4100
4489
4136
614
8636
7143
3055
2773
517
7695
1543
8899
8056
7005
9274
2473
7737
1927
9746
5870
5611
4816
200
8647
6004
1094
7578
9629
3655
3001
776
3139
5553
781
3602
8151
6627
7928
9947
3271
614
5279
8544
1087
4705
7803
7229
308
8423
4428
7181
8039
2888
6145
2080
1437
8273
4377
8702
4567
6290
1538
8206
1730
1166
3577
3117
5604
8324
6573
4631
557
3478
2287
6309
4865
5487
7990
2174
8642
5256
4275
2289
6778
2805
4081
360
237
1450
5698
5645
8874
1602
5470
2299
2327
6765
2391
5782
8240
3167
8859
7138
2181
7972
9625
8084
90
4384
7951
1315
7330
9844
3825
7046
429
3624
5839
7699
2428
9335
6484
7085
4138
9564
724
5110
8808
4009
4556
6299
2672
4735
7097
1226
2822
8085
9729
8432
3751
7040
4165
8161
3639
7568
7981
7717
244
1907
13
2888
7810
8624
3116
6665
6406
2052
7831
1318
9730
336
1886
5964
4944
6288
3959
7803
992
6137
8791
3748
6323
3233
378
9811
2755
1111
6995
398
2199
9640
8585
1407
4461
7933
2943
7126
207
2350
75
6882
2692
4478
5957
2359
3094
7953
4153
4867
2564
302
5399
2433
7336
4792
8840
1835
3608
1826
4960
3177
5059
3017
3230
3333
5761
1080
7032
7637
5263
2654
9564
4265
2614
4481
5228
6662
646
5005
3373
2898
9227
445
1629
669
2638
7908
6699
8430
7255
5772
533
3594
4512
2956
9293
9836
3116
379
1926
8641
1063
8040
8124
6738
9002
9988
7708
5344
6787
7219
5581
4770
9094
2215
8119
1130
6414
1282
5047
6021
7884
7381
5799
6406
4849
993
7244
1871
6068
3612
9566
7725
8909
9443
7049
5926
6306
1431
1689
9274
6984
4409
3328
1086
9091
1171
268
7399
4755
351
7115
5804
7929
1072
3661
1488
8459
3708
783
8186
6398
6747
546
2680
2734
2449
2367
8274
2152
7337
7463
7
9536
5680
1755
739
6283
7915
8123
2399
2479
6843
3068
9584
1171
776
8742
3592
1569
9660
4632
3232
5261
4689
7247
4787
2205
5912
2203
440
8369
2789
4947
2376
4880
7309
8696
2453
6756
7048
6428
2795
6886
3056
3474
6926
6961
2188
560
5318
3350
3410
3197
8987
2339
9024
9752
2649
7316
2949
8021
2005
7620
6600
6596
4687
9388
5311
9809
6367
5696
5766
217
6293
3629
7607
8433
7235
8288
3811
8403
2517
5340
9072
3638
6347
5902
4293
2728
6888
8807
4068
2447
1509
1546
6483
5460
3887
3762
2443
660
3771
815
5556
4943
8979
7888
1900
995
105
9444
7986
7427
7542
8583
3221
4969
8404
6470
3402
4502
6273
7271
1036
586
3750
7857
5296
3403
6389
713
9975
9192
5588
634
7955
9053
4150
7049
2884
7575
2646
5820
3636
8077
4706
7212
7229
1994
1438
3500
5934
5274
3729
817
2536
3030
1476
4353
8516
777
72
6038
4404
4562
4413
3829
5341
5958
9356
7502
4838
6800
4884
36
8312
6593
9587
648
1899
6670
1408
9521
718
757
926
9011
750
3357
221
6746
8880
8370
6591
4941
9447
1713
375
5046
6993
635
6794
9714
4316
6138
6065
47
4944
632
9733
7654
6773
7009
8503
280
424
2058
7633
3242
5200
6322
5973
1592
7965
4931
122
6201
1626
4762
6613
4436
2926
6794
2248
6841
9369
2092
6957
8565
4027
1285
1640
3275
4964
1254
4170
8706
328
9755
2027
4410
6420
729
5059
8043
2855
1020
3766
3453
384
2777
4422
5365
7529
7784
8138
9229
6246
9601
702
6851
767
5685
9513
9977
7504
3254
2324
1688
819
3745
4841
5213
2667
8417
5312
2998
2345
2893
5225
5717
4700
7951
9364
665
664
1126
5318
587
7866
1636
9159
4933
7266
1189
4346
5560
9826
1118
9882
9084
1477
6204
8576
6490
7844
7965
36
246
3180
9863
6642
8332
6264
126
3565
3164
8109
6952
6167
8245
4391
4736
2641
6645
4240
4276
5097
2402
4952
6184
1443
5497
3220
3813
1104
8106
8858
4426
5870
934
3053
4565
5344
4810
9293
6630
4922
6649
4517
8951
944
9834
2587
5250
1311
9405
8382
5374
2222
2204
2491
6863
2425
1831
5408
1752
3906
8994
9874
7545
6666
4706
133
3565
8995
6862
341
3761
7402
1774
4426
3234
9839
7775
9499
1437
809
3483
3978
109
7077
5281
3636
16
9939
5718
6945
3245
2800
9681
6070
7647
5939
7132
1228
5746
4849
6046
7853
7757
9182
1433
7798
7323
9499
7252
5170
6628
5994
6336
2285
947
7620
7373
9822
4311
2629
5950
1618
4463
3056
1711
688
4594
3851
5983
4896
7699
8374
7856
2591
5253
4940
7364
4483
8296
4476
8969
4685
908
8471
3587
193
3086
5539
7833
8161
5322
1785
972
8299
1768
3728
7245
5023
4485
5618
7242
4121
3001
4078
3387
7591
2466
642
7397
7694
6911
2725
6259
5561
8996
8867
6739
8082
4017
5011
6500
4371
5085
2815
8355
4247
4887
863
8831
6968
6191
3557
31
8689
5165
3098
4461
2326
3417
5185
6513
1705
891
9001
2051
4074
784
1284
4059
9274
921
452
8233
2126
7365
8560
4156
8150
9934
3688
8594
2136
5063
8029
9324
6829
5333
8949
8144
4422
6987
932
5099
2879
2609
2748
2812
608
1015
722
1731
8258
5648
6019
9041
9391
3173
2140
310
3534
836
5957
7787
2731
9717
4275
4758
4166
4898
8080
8391
2454
6513
3038
1648
929
9550
3786
2275
1467
9171
7441
282
9389
3230
8176
1961
8427
457
1057
9531
253
9242
7470
7566
7914
5901
6452
2756
2640
9436
9946
6972
2086
1647
2712
5625
1342
2684
6059
9149
2087
330
7358
375
5534
7427
7597
5199
3961
7220
1973
671
5628
6909
4174
8987
548
3287
8303
2478
7769
5034
2596
7736
6385
4924
1842
9476
5301
982
9788
5405
7014
7334
2595
6850
978
1530
5780
4441
2222
175
251
5895
3240
4314
5447
14
4197
7256
2871
1650
9583
5668
1505
7750
3371
7033
8538
2103
4393
5515
2326
86
889
2308
4288
3145
9483
5050
823
7847
3760
99
3929
7992
5924
7467
6342
3981
8551
5044
9517
8582
4862
899
4858
9343
3589
4446
191
850
283
585
4675
5158
5577
9226
801
8776
5174
9349
3968
5970
2592
3379
6817
9924
3383
232
8407
9482
4568
37
4779
5334
2827
1656
1849
7082
5668
8398
5900
388
6427
9509
6400
6959
1226
6227
1914
2521
3300
1948
1901
3581
7770
3440
4338
4497
5023
8316
3916
5066
2289
8647
1138
4371
2558
1096
5568
2231
3853
4584
2654
1313
4329
5879
8282
3587
3162
9219
9274
2319
2183
2169
4186
9904
2226
5003
7179
5586
6333
5837
9399
1855
1798
8244
8877
9382
9576
8449
4165
8047
2419
4282
707
9576
2726
2273
3263
8701
8928
9788
1806
6802
4184
4605
5756
6255
4791
8923
2221
3092
7918
7015
3323
2001
4333
8078
4193
7874
4517
9354
5934
7891
4732
3708
8443
5836
6682
3137
5127
148
7424
1327
6556
7402
6011
4712
5011
4127
6400
4851
1269
5067
893
270
4841
3635
1915
902
5174
6698
959
9858
919
8592
9802
328
1302
6321
4442
2735
7748
2891
3151
9490
1573
5194
5030
369
9174
6644
1769
7517
5833
890
4273
3864
3716
1902
2424
7934
726
958
9062
5749
1304
676
9443
447
8035
880
2769
4230
7234
6180
6111
8534
4629
2054
2676
5330
4069
5092
7056
2894
4567
8766
5412
5929
927
6191
9271
1586
5494
3454
482
2931
1014
5012
6589
8206
560
635
8509
3865
6435
7097
9627
5474
8079
7420
9838
321
562
9727
950
5846
3933
4717
4646
6982
5842
8249
160
501
9275
9931
7090
5309
6866
4498
477
2134
3988
1361
2977
181
5220
8314
9512
66
921
7177
3770
4153
730
9843
6348
9162
773
7246
4350
8410
8182
6322
4830
4470
9455
8929
1282
4462
2325
5259
2093
8563
2146
3493
1670
9707
5936
7016
7825
8561
184
7428
673
316
2941
5223
5578
7528
5801
3321
5636
415
3563
45
5986
8420
7288
6818
3213
9108
8751
7117
1198
194
7951
7026
6011
7274
7125
6656
2942
2323
9748
5812
9970
761
8746
9852
7179
2204
2640
8948
150
5783
3138
5762
3302
5185
1051
143
2067
7901
4220
4065
5193
9034
3824
5139
6369
8435
3054
6542
5881
3376
8439
2698
9084
1901
20
7474
9532
9506
3061
7050
373
2829
8436
315
3758
1536
5672
580
2303
5651
2456
7065
7963
2342
9688
7947
1557
8893
1489
3644
49
4822
431
3216
2997
8553
1242
6356
389
6263
1183
3394
6975
3179
152
1240
5272
4006
3916
8780
6626
7489
7410
4813
5029
7115
3538
2247
5376
7766
6422
5219
3977
2125
4515
5030
3683
1801
7441
7421
9369
4298
4449
5463
201
2474
2067
1603
8086
3711
326
2739
2173
848
7157
9483
8540
3681
8887
6250
8388
5129
8984
2456
7825
9722
4003
7792
8493
1152
5277
5096
5256
4854
4523
2842
1494
9320
9759
3147
3507
9625
9243
5618
9212
2431
9094
600
7031
9840
155
7814
9190
1298
3468
2587
7478
6172
833
6059
4004
796
2045
8833
9777
8505
4501
4384
8640
6576
3775
2699
5454
2837
3831
3791
5024
867
7295
5313
792
5389
106
4803
952
5844
4265
9473
5781
4924
3007
5681
6485
7343
1777
1569
7458
1961
4979
6167
9131
1340
4679
7234
3020
5954
1939
8418
7002
7002
1982
3262
5039
1506
8364
4528
1553
3736
3536
4318
3196
4978
5561
6831
3162
6241
9848
6348
8686
5537
7052
8792
2785
3173
8878
3683
8861
6265
4712
7647
9450
1733
7313
7206
664
7012
698
7195
2892
2597
5584
6835
109
1081
9995
7641
9528
7305
3072
4088
814
9593
9608
2517
7297
5228
5467
7668
6292
4656
7419
2911
4895
615
8960
833
6095
7701
8897
1276
2304
7852
1880
8909
6524
4027
5948
1364
7095
1054
2829
3085
7671
7103
3962
9724
3561
950
2590
1129
6867
9722
674
9542
195
9811
9868
9800
4432
1187
6434
2840
1644
5630
9153
9634
9792
1914
7159
3046
1733
1944
117
1385
4403
1665
3677
2264
6273
4621
288
8113
9201
8999
4036
7349
8075
2253
6932
657
6109
206
5654
1895
4403
8823
3131
4770
7566
8478
9338
9950
9514
3732
4184
7375
6695
7524
4776
8355
7431
2534
9741
4925
5446
573
7629
123
7460
5585
6241
3368
5789
3929
8718
2559
9705
6368
5615
2815
1806
6582
7808
649
6349
9189
2028
6454
667
5871
1948
9220
205
7632
5329
9597
683
3563
5101
4986
4196
5114
3953
693
1196
1183
5119
7048
9505
8714
4911
8633
4568
9426
5037
8032
1913
4730
5540
5726
8181
6458
561
3095
1717
2753
9298
5943
3463
1272
3662
3638
4034
3731
7178
4628
4481
9801
4350
5676
6302
4499
8715
4384
1529
7478
1621
726
2867
733
5680
6312
2353
7714
1070
4394
577
1817
9026
5836
7136
5691
3698
2349
4053
6839
4733
2206
5941
5077
66
5509
130
2308
1815
7025
4605
1137
6274
8451
9499
9116
4665
1538
2169
6105
5752
44
637
401
5521
5000
3513
3138
8173
7068
1699
499
4178
4118
1056
30
5404
2846
8305
3670
5498
919
4187
9331
9930
2831
4188
8533
1678
7535
3128
7836
7785
2540
609
4039
2826
2711
7890
4116
1021
6935
4987
7121
7696
4331
1487
1422
952
940
7569
9570
1256
1367
5869
9979
923
17
2161
5403
1667
2545
2089
4876
6903
3785
9515
7760
7662
5413
4131
8641
7668
9907
8810
5098
8844
309
9675
5029
8672
4288
9148
3570
4530
4465
5593
9597
8157
4395
5729
268
6024
9426
3615
7528
9990
6221
6125
850
9185
6591
4995
7908
3174
1600
4916
9835
4680
6969
8339
1626
5106
7841
9687
111
9342
4252
4447
1636
451
7464
5898
4134
5047
7807
1200
3163
8767
754
4360
5695
3646
2734
7922
1155
6136
3384
2474
959
1899
1985
6831
7025
8381
7802
65
25
4337
544
7473
613
6491
193
4998
6561
7662
5121
8807
2794
8406
3293
6849
8843
1124
3898
1139
2720
343
1441
6415
25
7141
5442
3050
3888
5339
5203
3241
3472
1303
3240
1335
7715
5375
419
6533
7659
7051
8236
700
7709
1857
9403
4115
161
3786
5017
5503
5020
8075
7604
3921
1774
3811
3007
6276
7038
6545
2642
2269
6937
2202
1931
4297
2541
5295
5521
6623
7596
8273
9223
4211
127
2166
956
1501
2351
3954
3124
1287
5288
1097
8116
5198
2331
7547
523
6039
3083
3455
6083
3761
3473
440
287
6923
459
2917
7350
560
9569
5018
6635
9255
4245
376
2881
4376
3511
4933
5970
9572
4915
2141
4141
9860
3850
5099
562
1291
4096
569
1453
9108
3101
4461
4513
7212
7978
2159
1601
1526
9463
973
3408
7396
7078
5264
2914
7858
4877
7577
7504
1175
4488
3439
4044
3295
3632
9185
8093
107
687
8751
6571
335
8193
8090
6917
2644
9286
9483
4708
9464
4952
1108
3277
8642
630
2945
3896
7421
4640
1873
3459
7825
8763
7917
9218
4325
7980
5865
7042
3619
38
9355
8305
8829
1143
2989
5836
4062
82
6362
7526
9138
2828
6051
8311
8554
5606
7985
8378
9179
7198
5011
4121
2473
2650
5676
8208
1863
9824
5987
7186
8629
5466
5713
8955
2765
1282
2236
1738
5668
1937
6436
5108
6975
6986
7252
174
6523
5566
1782
9600
10
4656
4546
6364
319
3333
6475
7166
5643
9352
8416
9820
2267
1852
5786
4128
3192
1771
780
4084
5271
4328
5446
2283
3662
3481
757
4247
8860
3090
1704
5646
2392
8947
8010
7764
1497
9945
3656
2307
8770
454
7765
2744
2547
5911
5241
9505
8033
2104
4809
226
4403
6013
9611
3922
3795
2660
2409
6605
8968
7387
313
1305
4452
6379
3639
5639
6219
2793
685
5120
1727
9317
9586
9217
6502
6686
8822
6298
6261
7927
1153
5815
1729
8038
4811
3833
9765
2145
5340
6055
7955
4206
8552
8739
8411
3829
5794
403
3375
8306
1882
1579
1334
6736
3543
4404
3049
6360
5835
9514
7140
2157
4620
3111
6928
6137
9492
276
1692
9470
1751
9789
4723
8616
8527
3549
5329
1897
1110
9759
6781
3961
8532
4513
6629
9037
3745
1259
5876
9055
4122
6469
6440
221
8197
1571
9586
4991
9107
9454
7752
2590
6808
9861
8690
8245
3206
7889
8011
6571
9173
125
4480
8800
52
8271
6189
7840
2749
6311
5630
6776
8003
1561
6997
4688
9157
742
8139
4158
1286
2277
7640
5372
3148
5313
4460
1160
3917
1443
4165
7838
3156
583
7586
2368
1392
4702
3639
4855
2208
3913
4465
4631
7965
5581
747
1300
8305
7364
9942
9231
6123
4725
2517
4657
2646
4933
486
7635
2377
2258
8473
3879
5511
9472
4025
7718
2279
1976
9034
6431
7472
8059
817
9018
849
9575
4792
6314
917
3517
8371
5171
6654
2087
8770
3748
5050
9723
5940
7881
3497
6026
5448
3918
7834
1406
2236
2709
3971
5988
9374
3276
6431
893
4041
7721
7807
4897
6947
9143
9592
9275
5847
3680
7946
1502
2912
3387
127
8512
4412
6706
4861
7708
3076
196
4555
6124
7646
2301
6287
1177
2797
8830
4262
932
4910
1980
2435
7954
4898
6365
5930
7288
2365
7692
4055
5451
6887
6200
7633
940
7547
1056
4458
5343
6327
1161
6980
9894
4599
1932
7209
1498
9166
4787
5744
1311
6185
7082
9862
3508
363
8854
7770
4835
173
6556
7991
9449
8424
2726
1943
1973
380
9959
7164
9187
3752
2833
9468
1875
8354
1932
922
5446
5988
4127
6148
2895
7302
3025
1561
5722
4353
3338
4632
1499
524
9377
6665
1773
2444
3584
7410
1147
3538
9936
6676
8142
1076
9433
9030
4312
6366
1437
8944
3573
5649
1245
5393
8935
48
5718
6763
2391
1106
3860
3782
4153
2780
4706
3740
6117
5091
5695
7652
1328
4850
8641
7694
5599
5696
2065
1290
3561
1034
8861
6485
7068
3645
2504
7896
1772
1450
4864
7665
4135
9994
6170
9796
6558
1885
4562
8751
6389
1998
7232
9847
8926
471
5245
4462
4367
918
5206
4739
9057
779
6145
8537
1251
8990
8501
80
5881
1446
3894
2518
3031
3902
5670
7333
2789
8088
786
2723
3865
6246
5712
6456
4350
184
56
8362
9000
1653
486
8643
5426
7453
2150
3057
4149
1740
3552
7813
3664
8572
3537
2834
7250
1482
4838
2530
8709
2940
802
2215
9714
1111
8386
6943
8424
9264
5342
9830
4996
3980
2221
7949
6248
28
7704
7242
6229
5379
439
2703
6249
6717
5886
1664
3027
6367
6195
7557
9047
1312
9177
5755
2949
1332
4831
1913
9719
3901
4244
1019
5654
3074
7476
54
5699
3335
1238
5421
4754
15
4243
4656
9183
3262
7306
2868
7903
4219
6024
9437
582
5397
7023
5068
2462
8207
7393
487
5058
9896
765
9603
4665
1150
5026
6963
8428
998
5042
5107
9236
6860
2980
8161
1486
2191
7893
5087
4877
8063
6289
4900
6394
7893
9752
8811
4165
732
8314
7880
6341
6673
6991
1361
1446
97
1726
3546
5164
103
7768
47
5915
2586
6969
1786
8071
6701
3924
6862
6360
8925
5956
8417
5824
4051
2770
363
40
5333
9716
6725
5801
4265
6364
3095
9451
8035
4443
5874
9894
4243
6064
4410
8313
5825
2852
7823
7493
1439
5871
6444
1288
7118
7305
3102
7900
2074
5799
1202
7343
7445
7070
9239
6888
556
3292
3682
3461
486
7479
3382
7236
1130
5441
9363
1028
9356
1440
2264
6532
2858
3898
568
2377
1424
9418
3628
1117
7235
9000
2996
470
7240
8159
1042
2817
2548
477
1365
2470
6340
5190
3582
7303
3100
8062
9015
260
3229
6153
6975
280
5536
5886
4478
1802
4158
1623
4371
8013
9032
4950
6048
5075
7160
2840
3052
9398
5296
9
5386
7338
7435
4626
7153
7704
4182
8717
9978
5704
3107
9511
5528
4959
2663
2280
4645
7422
6905
3981
6251
4279
7053
9680
25
9305
7502
7383
1790
3182
6302
9534
7623
5761
9319
2941
943
3234
3559
8783
185
6858
9069
7717
4490
413
6055
3843
4285
1149
3692
4947
7725
7909
3086
6069
6307
9
3139
2675
5854
9533
6411
1905
2262
2197
9621
4612
4853
5797
7975
8635
1444
2215
4904
1669
426
9450
8228
5536
1734
6232
4351
2574
8623
8212
3338
940
6835
43
5840
5475
1203
1862
4629
7523
7704
1459
8263
5529
6157
2027
6812
8195
8474
9947
9627
6723
2040
6526
1067
3281
1478
5354
8090
751
2947
5711
7891
3811
3964
1970
5774
6420
2500
4913
9128
3439
386
5855
4220
267
7816
9534
5574
3491
5442
5736
3990
1613
5058
2820
739
4787
940
4896
6771
2900
1797
8975
6918
5820
2558
2213
2401
7091
6600
5643
4273
5504
7571
2679
7282
3578
4620
2176
7176
4607
6777
2103
3038
3922
6502
4210
4187
7844
2967
2304
6113
752
9715
1076
1905
6886
8595
525
8101
2811
7797
9801
7174
1123
4463
611
8489
8487
2765
2672
7771
2809
6663
6209
7298
5443
9242
2097
1607
8393
1622
9160
6063
7807
4643
8525
5131
1656
4538
3717
217
3168
9339
4660
3549
8322
5564
3414
762
7761
6328
2661
7936
8106
7162
3018
5525
9088
3201
9698
3479
6590
3645
8522
1713
4668
7679
1070
1753
9946
9231
491
3248
4110
517
5189
2188
9169
4982
9391
3225
5497
2528
7167
5772
8751
2953
8378
1442
6835
980
1148
5812
3186
4483
1722
1832
8790
3282
4732
2240
9928
643
7853
6724
5712
4350
2553
2353
1477
9769
3657
5625
4615
6561
8341
1449
6022
7200
6400
4830
2086
1822
2707
8617
1422
1302
3288
6206
6287
1565
6883
7349
2565
4349
459
3819
6682
6886
576
9030
2254
281
9815
6637
9386
6478
2957
160
8619
5439
5646
556
7536
3826
3719
2714
1766
9253
7056
2511
3900
4021
9660
9651
9174
7091
2580
9405
9518
1431
2545
4113
6459
5677
5499
5619
7217
7897
4520
6898
8754
9054
6949
6480
3957
8393
7858
1828
4781
8427
4215
7559
8330
9433
86
9596
9296
5744
5242
1595
1209
7264
8129
3296
7311
8267
2021
9413
3522
7696
5928
9273
4520
3309
7959
9824
7065
8415
2719
1592
5977
3132
4934
3444
8212
136
2173
7717
633
5437
7830
136
2569
8357
1634
7137
278
3765
7602
5746
310
6144
7898
4384
4066
2043
8245
4663
9497
4183
1711
5309
9391
5380
9418
8558
5494
1603
2662
6734
8501
2363
1941
8817
3286
2289
5682
867
7667
822
7558
3522
41
1623
8415
9670
4812
6893
6224
3316
7510
4467
4938
9323
839
1995
2884
6390
1092
1180
6140
3793
9242
2011
7078
9881
6307
317
504
939
7976
3648
7448
6511
4396
4635
5045
3549
3161
2881
2033
3145
25
9274
7787
5546
7049
1655
2653
9391
9476
814
3913
7878
5716
5561
929
9365
9242
1596
9615
4153
9429
7917
8718
2678
7640
3688
9984
7336
1576
9647
7259
8196
3984
7514
5894
4769
560
8177
7225
5827
24
631
106
7056
2008
9582
449
5626
7852
141
9369
5064
7303
8023
6417
7148
9110
3035
2142
1192
8781
9785
2351
8326
3296
6979
9441
1705
8718
8717
9992
4980
9755
1789
1846
4457
8880
4624
5207
130
1320
1545
2244
8362
3362
4340
7251
4202
1956
5879
2766
5395
1648
3710
5550
5327
9514
2355
7734
2398
3396
3881
971
9967
363
2080
5090
438
2399
1167
9137
3632
6264
8556
4322
4437
4218
3956
1598
2207
983
7223
890
7770
3245
2761
8820
5631
3605
4645
7489
7475
4840
3044
5247
6533
7813
928
9769
2367
869
8433
5555
7125
3558
3066
8646
2407
4275
6577
6803
3051
3596
9040
6468
3746
664
6838
3249
7495
3384
4887
562
3937
6345
5599
7155
6272
6338
39
8163
182
1158
759
2240
738
671
3397
4279
2031
3543
6798
9257
552
4841
9977
4029
6414
5909
7613
498
9411
1168
6354
2474
8820
5004
3987
3065
5894
2763
4009
7906
7024
9746
5819
6459
6664
3354
1457
5918
6145
9919
2691
6514
2999
6159
8259
8067
9286
7402
8537
8935
6803
5774
757
783
245
5137
5252
4108
5664
563
669
4298
8487
7776
4672
4220
2189
6257
4203
1880
946
6827
6492
9388
8824
6479
8684
1947
5950
1337
2410
1972
4089
7159
3052
9727
2141
8121
8203
5461
5725
7059
3946
5495
5665
1592
3628
4905
8998
6170
8994
4722
9125
593
3244
4959
3713
1399
1716
862
8832
7602
6283
3033
4110
8412
3853
3211
8989
5440
7158
2875
7702
6322
832
9148
9671
1616
2306
9041
275
2767
3948
6533
610
4152
596
1197
6651
2702
5135
2489
4983
1718
8975
8392
3663
6469
3349
9795
7589
9141
6085
1281
8408
5790
4608
8228
5522
549
9378
2836
2501
7426
3892
1046
4081
3008
6309
5240
2958
9883
488
9609
1165
4015
4115
449
5203
3795
7495
1686
194
3274
27
9115
2403
5184
9228
1497
9795
9452
9940
4077
8028
2933
9240
5313
9339
1759
8541
3016
5656
4037
3150
6683
2042
489
6608
1880
4464
6989
5557
1046
1789
3528
4465
3165
8707
617
1346
1740
1665
9211
5228
4020
1151
7886
1137
9899
8302
1756
3009
2937
8545
7451
6488
500
6556
8770
2204
6920
7181
8594
9888
1158
4951
1810
8593
1909
3820
2282
8590
2416
4964
6158
6760
4667
8531
1441
7802
7272
9546
8056
9687
3751
1985
5266
8803
3015
3684
2617
3058
402
4118
6226
6669
5452
1017
803
826
1143
5081
1708
8194
3130
5982
1402
4674
5929
3494
7746
8487
2891
127
6458
2010
448
9664
1029
1908
1901
5122
1500
1366
5604
5380
6373
4828
2335
9845
5944
1235
9985
9106
575
2584
3915
4345
51
5062
6731
8487
7144
5840
7448
8585
8888
2082
1616
1343
3869
1842
3346
3767
519
8779
89
3828
6468
8873
3578
7827
649
3843
9169
6259
4745
3967
6329
8895
3991
1073
4865
9220
6296
8358
8771
7132
7271
297
8751
9381
9739
630
2149
3092
3277
5671
1923
703
3945
834
440
5266
8043
555
6124
8032
1698
50
1880
4284
8410
3418
8476
5861
3470
9575
6593
4712
151
6212
7529
2852
7924
5120
7332
574
4573
5357
6348
8811
9075
4887
5864
3858
9264
2620
4829
1702
9183
5394
3674
9040
9936
7686
9025
721
2693
9986
6271
7028
2289
5550
9477
9123
3187
265
1611
4768
875
6661
1863
427
1550
3936
5283
445
929
7601
8971
7828
5008
3585
9510
2943
3897
3779
8079
8698
6251
658
4611
9357
7625
4873
4891
7308
2121
721
974
4479
9902
5632
8702
7378
6889
9758
3175
6868
8902
8396
6151
8940
9826
113
2538
7064
3613
6158
6350
2720
2616
162
145
2902
4713
2637
9979
5751
8916
50
9509
7426
7600
5373
310
5847
1651
6978
5066
7066
6247
957
9636
3229
8847
4433
5497
9611
3291
5861
5670
7022
7216
5953
1589
2427
6508
3015
3449
3653
7094
7602
4601
7387
8713
9517
4535
9433
9291
7542
6521
8308
6388
5147
1564
6859
506
8635
5162
4274
2920
2631
5633
7511
3143
5218
8723
3667
74
6887
6033
1429
1048
4026
9167
3673
3837
792
4679
3944
5947
2646
4506
9557
3211
8375
9544
7997
2214
4310
5007
3073
3177
5912
7977
6837
2421
6433
7145
7107
1895
1958
8783
6233
9176
3563
1783
5328
3835
2852
9112
1567
4992
8397
5018
655
5131
3198
7626
7907
2368
391
3639
1552
8387
4799
5511
1436
3961
6630
9892
5394
662
9090
1697
5251
7845
9094
2728
2319
2581
2452
7909
8813
9032
1570
7861
9190
1394
8623
5960
5628
6604
6229
2778
2480
4161
3575
2865
1223
9765
7013
7070
6507
6901
3376
9989
9374
3917
9068
4772
850
5836
695
3662
8692
3312
9843
5410
8609
5455
6989
900
9669
9177
6355
3098
4624
7758
3580
6826
3494
2684
2529
9303
9264
1467
818
1252
3291
2650
9925
5241
2024
316
1344
7255
8311
3299
9064
3565
5042
4755
1530
7688
1654
7305
5064
9893
604
3404
3893
9322
7365
4536
263
9945
2666
4324
432
7435
2238
2132
2788
8669
4062
3941
180
4114
7205
9571
8267
7025
2478
126
4477
797
9248
2432
2787
2883
6621
9126
8897
8953
9839
1725
8903
6703
7559
9904
3239
4824
8205
8736
3531
5649
1050
66
5112
3630
3265
5750
9441
8034
2348
7870
6886
6765
3736
6387
5279
2074
2703
4088
8906
1042
3923
8013
2407
4598
6888
9338
9923
4787
9691
5055
1219
5464
5770
4810
6210
7847
7063
8115
7363
4165
2499
9208
1990
4114
5171
2764
1368
7223
504
7468
3404
5831
5432
6809
9782
2673
4480
3783
8290
3911
6034
188
1048
4039
2647
8750
2867
9914
5332
1237
141
2959
8711
2010
2029
1273
3432
3578
1274
5837
8227
5647
1241
3564
5204
3941
1683
5043
3772
9292
5424
290
6785
3905
4805
4495
2200
8988
5154
5453
1682
6741
8367
2146
5271
763
7641
5728
3186
686
3372
1381
4499
9975
3557
5300
453
2224
2894
1051
7559
6847
8428
8385
600
5568
9888
435
634
3560
9249
5947
6357
9466
6409
8055
9955
7235
3029
7067
3825
6008
2760
1420
5987
8797
5248
1348
1671
9300
7939
8674
4386
1721
4804
3146
205
8355
7628
5889
6215
9497
5811
3131
6516
4075
5149
7301
9495
70
4975
961
864
6563
7386
7555
397
9046
105
9327
3349
5382
7318
6246
2664
4241
6929
1681
966
6037
2779
5839
7895
8050
6892
5756
6630
2388
7130
9208
2534
8224
7312
6643
1800
4272
2605
3583
7691
4002
3721
7546
2656
4670
934
3695
8367
9726
5612
4437
9655
8857
5923
5180
9884
4388
8142
5212
308
7196
3808
5501
7081
2374
5398
7612
1844
4671
1157
752
2061
1919
6799
5484
3841
4004
9420
1913
4791
8881
6015
7641
4601
165
531
3801
852
2320
3826
4210
3199
8977
9817
8760
9505
2121
5192
6197
8655
5081
8631
6803
6897
2461
4345
7897
8346
3806
4529
8269
2603
5407
7320
3392
7731
8857
7810
6827
1571
9658
4746
703
7349
7582
8954
5596
3080
5264
9996
6090
3056
6280
6883
2346
5061
3725
5673
804
974
9676
6419
4665
9932
74
364
2208
8828
2600
3793
7981
3747
5462
3419
2343
4475
1793
2847
6535
5099
1639
4434
8802
1608
5665
4948
816
8274
1307
1379
5111
8697
2110
227
5513
7641
4170
2316
7118
6639
955
1977
6093
172
4944
74
5161
3161
2125
1245
8575
6413
7562
6946
3960
4385
299
9164
9577
606
667
4383
1590
7425
6122
9714
3647
2310
9230
1751
7911
2166
9990
4474
4702
1603
2209
7706
9946
9471
3198
9066
3774
8881
3449
4878
657
5238
1450
2991
9039
408
5480
847
7112
6738
8385
1057
6638
691
9383
5308
1339
4478
97
2500
8600
1546
3117
7240
2527
7540
6256
6633
7611
9949
2850
1208
9796
6024
6026
5304
1869
1405
551
9376
8521
8789
3306
6744
4606
7388
1252
2135
3259
2080
1199
8968
1217
7562
4882
2843
9922
6705
7483
8484
9028
3550
5792
4347
5295
5352
5102
2563
6258
6482
7843
4157
8030
6
8176
7176
3095
9481
6708
2960
8036
5047
3487
9016
5394
116
5065
2565
1586
5973
4484
2713
5934
6240
6714
6432
2585
7179
176
6804
7639
7354
240
2521
1965
8450
6741
5828
4471
7059
2138
285
9499
5965
2402
829
9428
3455
5882
808
8234
5022
7787
8990
8911
5365
2750
3258
4525
9664
3780
2778
4303
660
5672
5959
1311
1524
7228
690
713
4929
8414
1923
2262
2458
1781
9755
3810
9708
6391
1110
8676
1045
9475
5513
6458
3788
9697
1551
6239
1362
9832
4560
6702
1075
9346
2199
4427
2056
6629
68
6238
8526
9437
6062
4344
9795
3758
9794
8585
5182
825
4201
8412
7166
8
5045
7241
8125
1129
3888
7900
5818
2301
5798
8055
2299
9739
4187
728
1542
3205
2675
4033
1841
2427
5942
3394
6505
6008
4494
7476
1037
1445
2492
7224
744
6095
678
5084
3450
1887
5305
5531
1524
4496
2494
7298
2649
1990
6115
9571
6757
8579
2658
5247
2915
9517
6025
7935
2256
8046
4133
1271
1838
0
8757
5847
2998
1859
749
6452
2106
6971
5455
3726
3609
8236
5962
1674
5309
8666
2533
4484
2605
4200
2627
4479
6431
1604
7130
6899
8534
847
1935
389
1518
8984
2469
8018
69
6793
1973
6931
2578
6503
7200
207
3625
1607
3862
6494
2513
1059
7885
4883
7014
8454
7304
3524
5034
6067
5304
1039
6833
8997
5267
4174
6969
3894
1656
9713
6641
850
1511
4231
3626
2384
1067
3482
9197
4276
3667
3806
3987
3955
5709
7577
8203
1990
3998
2328
7921
607
2334
3703
3965
9035
6108
6515
8797
958
3952
2712
4204
7594
7222
2568
5307
4664
8457
1718
2645
3559
6287
1063
1843
2665
7645
3601
2971
8766
345
2958
3204
8137
3650
5401
8048
5439
2619
1335
616
1053
2409
6293
1986
6848
296
7494
313
7105
5708
9655
6467
1487
7872
9396
8929
9252
3199
7014
1948
1415
5787
3627
726
7949
4341
7356
6028
7171
7122
5876
2213
3332
2705
8972
4426
3350
8181
47
8268
6473
1922
1834
355
2853
2799
5781
1874
8798
7363
9618
7408
66
6380
9240
973
995
4737
5411
7629
1564
8567
1904
8295
3300
9206
8105
9728
6900
6976
9658
6348
5356
4579
8514
7856
4049
4809
3574
177
9301
801
3416
1415
3421
1594
7080
115
3888
3064
7582
471
6276
4745
5676
1073
8845
5068
5510
2081
4598
7034
6503
587
4567
1447
6696
6569
6456
7139
2226
5368
1420
8158
8295
1982
1638
6476
9279
7051
8456
1055
6753
6686
8263
5887
9800
6244
4209
7707
3024
8852
8982
2222
48
5821
3845
573
6688
1221
668
5827
3285
4154
3448
7648
4958
4664
5638
6294
1160
6014
962
8084
8225
3315
3050
3230
1700
622
6227
804
8749
3321
9896
7940
5327
58
3704
7596
7646
4754
9008
651
1131
4498
7095
8394
169
4317
4116
5202
9407
4192
6039
9764
473
3849
6981
71
7923
7331
8933
7253
3959
9225
4777
7722
9306
4545
7391
2120
1372
1425
6104
5012
7202
5506
1378
6100
4907
390
9662
5087
7059
6995
6243
6662
8924
1647
4360
6489
6909
5987
5515
9126
2970
8200
9973
8545
8010
5471
3850
7457
887
6425
7481
8580
7796
7328
7207
1629
2534
1893
9234
6788
5494
683
3689
4323
7888
3483
1479
4525
298
6674
9965
2803
641
378
9364
4723
5664
2096
503
1440
4961
3213
9401
8087
6425
549
4105
6624
9107
2913
2520
8897
4666
6446
9277
6670
8967
1429
850
1755
4407
1103
4545
1894
3386
7833
6172
7008
8530
9624
3706
9593
3832
2401
7981
5860
8022
2451
5116
2076
9189
7684
9760
525
7016
7818
7718
9181
3574
6425
5648
4322
5732
1710
1541
8400
6462
3566
3842
5187
2795
7871
4614
9291
435
36
1310
5855
9428
3764
3267
1593
6580
9470
3596
533
5444
9033
3204
4007
7044
1720
351
9113
7500
8291
3051
8452
977
6657
8556
1797
5961
1805
7883
804
1967
2706
5764
4499
1604
726
7865
5962
1880
3757
4667
7823
5897
2904
9095
970
5777
6411
629
5890
5750
4642
4386
3115
328
1133
2247
8000
3939
473
8913
2753
654
6681
7115
3695
8187
3225
8236
4473
1277
7336
396
5405
1929
4794
9464
7867
1577
6687
6908
5794
8062
9150
9919
2198
5765
2223
823
5265
3150
453
7784
5332
4288
4467
3349
137
1335
2322
3306
534
9314
1516
418
16
8449
5461
5005
3532
9850
7480
4142
3193
3490
4344
6327
4465
4020
8598
2776
3063
6795
5223
1114
7166
2074
1733
2531
5241
6495
289
3629
3054
522
8426
35
2884
9358
8291
8769
4501
595
2644
6664
1087
1013
4345
9540
209
2620
2981
1177
1270
1696
3183
1997
2199
6937
9321
4595
5926
4035
3166
578
8435
6821
7358
1596
2563
9261
5288
4408
3935
651
7804
8266
8756
9222
1042
1498
2686
5480
3880
4103
1390
308
6259
3591
1095
3819
8516
6515
9692
847
2329
5036
4614
5176
4949
4993
4804
6224
3528
1686
8806
8231
8367
1309
3145
9300
7747
6922
3886
6120
8925
681
46
2924
5302
8749
6699
6079
816
379
6971
6442
4855
2457
7703
7646
7786
3184
9417
1585
9888
4582
4606
555
3502
9569
1971
872
4235
1660
4790
5751
9060
249
7993
4822
1354
2171
1013
4172
4923
8963
8724
7860
2751
2853
4353
39
2570
6619
9362
7398
5771
3665
739
5230
3046
2150
3958
9727
9784
7465
7929
1706
4631
3815
8979
8433
6849
8920
1993
8794
5973
1298
5943
4123
8789
2049
6975
2098
9627
1339
8933
4738
8546
7000
7062
1998
2808
9792
1402
4162
5869
5016
6060
3806
4587
5016
2288
6581
551
9467
2231
9679
5095
5683
7070
7741
5726
8439
4668
4968
8634
507
8995
1553
757
9626
637
7145
9836
2678
4602
7727
658
5849
1680
3261
1502
5394
4445
6587
5380
6573
682
5958
8850
3462
4160
8592
1407
807
6602
9032
7197
6765
4798
8625
6009
7083
4300
1792
4792
9429
1356
7472
392
8998
4926
7506
3228
1515
9317
7
6710
6481
106
4931
599
783
649
5813
4579
169
5322
4257
4273
3672
5509
5498
2575
9191
3219
2306
3111
6010
4389
918
2859
6030
2887
9005
6107
9729
4162
4619
3299
5622
1271
8770
4306
802
3017
408
7356
1019
1535
5567
4419
5363
4729
4299
4903
5078
9376
5777
7836
8529
236
4521
618
4821
356
9410
9608
6191
1441
5892
6989
7115
217
1211
3831
475
9050
512
7961
9170
2936
3353
8932
863
2686
3818
8912
3926
1798
6926
8879
7197
5036
3021
8198
4805
2212
2245
7449
6789
6413
3729
5194
8432
1009
7990
7281
1251
1228
2538
851
808
527
6066
3246
2590
695
3682
7357
9342
1319
611
9400
7640
4535
7732
6552
9343
4420
975
9041
4703
5926
8801
3492
4133
7993
7914
5737
2572
9058
3769
9352
7165
522
7496
3799
6624
5872
3048
3622
5555
4686
7271
8902
9604
6429
6154
2678
8097
7316
834
8142
6108
2860
4649
7338
316
850
5049
6303
3570
5319
6412
286
9081
6294
7590
5075
7024
8745
6995
7071
8204
7623
5353
5122
9830
4817
1293
9803
6192
6288
1520
7650
7332
2309
4956
1029
7789
3394
2215
1339
2153
5883
7044
4558
9746
7683
8713
8380
226
4120
6598
906
5177
359
8939
9728
7420
3134
5235
1201
4601
2216
3224
9242
4716
5989
5087
7857
5257
7984
1062
42
3142
7367
584
3369
6532
8518
9000
406
8247
4084
8750
7465
3591
2634
1994
3346
1396
3394
1571
4221
6669
825
7359
3662
4965
4654
7419
1351
853
2418
8598
7536
9621
3115
3280
598
7294
1498
8483
6123
4986
2428
1634
1082
4861
1044
1183
6546
545
7645
2218
6285
2455
5534
8851
8048
5717
6277
8111
6392
8876
8818
9435
2132
5337
1128
7818
4507
2277
9200
7107
3931
113
8360
9763
5106
3202
859
6836
8036
8428
454
3970
7774
7261
9676
5484
4080
7023
5809
2363
5895
5950
2669
7434
1097
7004
9053
1963
6186
7425
2137
1716
2645
8801
9066
5503
5792
1664
1327
6680
1267
3861
6232
7064
1531
2754
1327
5109
462
4131
9343
1581
3743
4985
7649
6121
3545
2977
1987
6324
986
5823
5884
5634
6925
4522
132
7159
5888
2398
4716
3706
5467
2858
6906
3429
7709
1900
9038
2380
3654
6911
9719
6489
550
904
95
9067
9571
6688
4061
8382
9797
9268
5734
1044
7826
8773
6678
845
5775
2541
3056
1963
3828
1689
6243
812
8674
3305
9773
810
4650
6861
7802
2236
5110
2785
9244
9765
3165
5789
2589
7304
3117
3212
9314
8807
8717
9188
2656
2125
4402
2068
4692
1814
213
1066
1347
4743
8612
2009
7972
3646
4075
81
1497
2887
8067
2526
2155
3883
5911
1389
782
267
3124
7998
6104
9069
2026
689
7474
7893
9304
3046
686
629
3462
9173
6640
3095
1850
4542
9796
4552
4665
8123
594
8453
1130
3545
7448
7062
9192
1299
2114
3681
1242
2986
5396
4466
5757
374
7684
7012
9545
7414
1479
867
1810
6454
9754
7001
9993
5761
3296
300
7861
4873
2433
923
3005
1499
3399
4816
6040
927
8440
9024
7741
8836
5054
4964
1052
7920
1331
3983
319
936
1127
1504
6757
859
2941
9557
6190
699
1256
7844
4888
3294
4006
2165
6916
1709
4482
62
4168
7263
9124
8299
6798
6334
2275
2281
4479
7205
9722
7907
7604
497
8975
9570
5657
1330
9750
9137
6986
8404
7647
8197
1593
102
6795
2477
1575
5592
7192
3715
1825
5566
1257
8459
4987
3408
1568
4759
3086
7983
3343
1603
6507
4682
141
5739
9826
3792
7369
3466
4246
1017
7697
8213
9526
8857
8617
7922
7439
85
7350
2523
3987
1779
7292
5718
7575
5857
299
2678
5849
4391
3128
9135
2961
7473
2373
3804
133
8417
9143
8136
8626
4215
1288
2744
3000
2866
1273
4515
8237
1910
7444
3160
8747
1775
5995
3557
9543
9223
4269
5116
7093
9937
9411
7561
2366
8822
5163
5540
9097
2611
8653
2222
7454
59
654
1031
4248
7859
9942
5906
6538
3509
7389
4999
3104
5162
9280
8963
2586
3940
605
8723
9585
8357
9824
6685
122
5334
761
2504
1933
42
4040
2107
2667
5199
8166
3548
3500
1167
5962
9092
3564
8479
4995
6052
5294
8185
2736
5122
2415
5403
8426
8284
1423
3950
6585
2880
6099
6662
4651
3352
4436
9833
2998
9968
2653
4274
7908
7036
5299
282
1087
9507
4751
321
1345
2992
5011
8300
2206
3097
7074
6969
320
5339
4649
5161
1347
3221
4100
4700
1068
7926
1355
4894
8851
1231
6414
7022
3359
1797
3146
6330
6640
1839
3623
8714
5596
1736
8304
806
5154
1941
7754
8147
7468
8343
4818
6652
1931
8378
4040
1976
9314
9165
58
3174
8384
2137
1395
612
8117
2098
2304
847
1905
5937
3080
9356
7420
4103
7145
3695
3147
3418
2754
6871
1262
2628
5857
6317
8788
2329
6377
5577
9779
759
1389
5401
3054
4372
5873
1908
3522
4435
6914
1992
6619
4735
8397
2437
9756
83
1099
5251
9783
533
7241
7808
9399
8473
3676
1016
4654
1497
2528
8095
9503
8671
5460
2799
5906
1797
4712
2211
4628
2357
8845
7451
1658
1457
4764
3003
6699
2751
6456
1524
1919
9622
7963
6800
6560
8816
8061
5269
2564
7139
4678
8128
3671
3394
1476
9750
9180
9728
8953
6286
7880
7724
8093
9685
1062
7927
6874
2707
5480
7378
1304
6463
429
7561
2470
8473
4109
496
9680
5715
2402
9330
1868
9178
2252
5425
5514
5960
2521
4149
273
7859
3326
8392
8824
2591
8022
3148
8151
5712
3721
7355
2156
2329
9639
6722
3277
1291
249
5152
939
6105
6236
9032
4303
5157
4728
4127
9272
4170
973
880
3761
9751
5227
96
6833
3379
4480
2099
7959
814
7101
8614
5550
1951
8433
8788
9737
1230
4695
2271
8206
1041
3154
4861
2201
5376
2325
5682
9538
7762
158
3570
8960
7009
7762
4937
2856
9692
5782
4335
1543
7861
8078
4914
2981
8324
1935
5783
3671
5135
7233
5486
9192
3209
3996
1085
6739
8026
1545
8754
7262
3786
8931
6639
7573
6043
8438
2840
7745
3367
2010
6097
6585
9053
5899
7587
6453
7251
3604
1226
3661
655
4850
3260
1531
3550
9794
7211
5183
4936
759
6508
794
3213
4186
7139
3786
8318
6483
6002
7844
3352
4177
3710
504
8089
2511
5854
1515
4108
7555
1607
1164
2756
859
5505
654
651
4703
2375
9001
7542
1943
4282
6376
9403
278
3652
7211
1379
9936
5813
5480
3563
7505
8176
9681
5620
2855
6738
4366
104
2411
9647
1298
4024
8933
3338
7586
8245
1939
5154
8135
8719
166
869
8491
6055
6565
4152
6783
5721
1255
1503
9379
8761
5451
3963
5391
4338
8505
8524
6670
6266
5085
3506
909
792
6263
4602
5426
34
5485
8523
6279
4191
9863
9087
2110
4523
9877
7378
7774
3042
2829
1366
9086
2313
2632
3271
6443
5591
5258
3722
406
4207
9351
2091
7277
8021
792
9077
2859
6247
8239
3631
400
754
4262
7037
669
3466
5806
5852
5360
6825
1347
3197
6659
6286
8711
4020
6634
8922
8297
6656
5139
5496
6093
1715
6155
722
3068
1049
7361
6339
3103
3714
3669
3525
6352
8975
4768
5170
5977
3492
822
9661
6837
1676
9447
7682
7151
236
1133
2858
1640
1204
4094
1352
2390
9185
3832
8645
3756
7996
7007
3456
8610
7738
4943
4631
3226
8694
2591
8150
4747
1649
2555
267
1175
6113
3578
4882
3894
4590
3254
9858
5589
9016
5200
1409
2958
5378
92
8703
5997
4490
7218
7320
7044
5083
4876
885
73
4479
5000
6764
9768
5261
1217
6457
8601
2457
5409
5356
6422
3
4643
4589
4648
5411
3543
5290
2478
9967
1167
7012
7348
5539
5835
9776
4909
1509
6103
4520
4693
7488
2346
7473
9524
2861
9715
4863
8327
1033
1797
1683
7095
1921
5088
3404
6705
5676
2254
3167
1763
1656
9604
9146
1192
6684
1540
3327
8200
7405
9205
3099
2
1835
2505
5093
784
421
6841
3010
7505
5891
9619
288
8251
6197
4424
6906
8565
7983
76
8588
7102
3212
2034
7585
3436
430
6910
8236
1601
3930
9310
6798
5938
6755
8129
2042
3671
961
5381
8573
7355
7588
5364
3950
4488
2062
6300
3646
9011
6626
1236
8201
9300
2064
1373
7380
525
5281
4196
6467
7764
718
3248
2370
9462
9735
4477
2574
8987
5341
3725
5259
4785
868
9867
5766
8370
6161
8012
8880
630
8583
1553
9527
3682
7690
6870
9890
2632
3853
695
8885
8337
3595
423
4053
96
9481
5427
6612
3674
6328
5262
6323
361
7811
8614
1194
8495
9121
2850
2908
1854
501
8546
5587
1723
7460
9965
6190
2626
5235
7486
335
8431
2410
166
1305
7636
3246
6287
248
9716
3411
6749
1217
6671
9167
9895
2954
7677
7953
8290
9571
5338
2756
141
6217
5502
9628
7772
3429
7692
8445
1812
5727
6022
9073
3808
2127
7200
3913
1092
8059
6561
3729
2385
1584
2823
2753
1388
3034
5478
5900
7832
486
9933
2276
4233
242
2113
1260
5132
5631
7593
3530
3927
7374
7258
5390
7010
7321
4026
7730
9661
3753
4199
6412
4008
1756
2019
814
6998
4161
5338
5811
9561
7621
6891
4029
3825
8890
4844
3370
1570
2193
9240
8875
6475
5484
2295
9307
4389
4238
805
7897
8455
3501
5364
5052
9329
4528
6780
920
7174
881
6862
9435
8150
2560
5188
9055
2572
2141
2731
4937
7077
2564
6291
5111
128
3
1097
9850
8130
1993
2548
1816
2435
4384
5892
2308
2190
8011
9690
8545
6547
999
6260
7742
7330
9272
4911
5774
4019
7177
3169
4353
845
7634
1513
9868
7611
8571
611
7818
6756
5016
6100
9313
3449
6466
2159
432
8915
3898
2897
9645
7508
5643
5434
3738
9953
376
5010
9208
6248
6781
3267
3466
2553
1622
4175
6796
6592
6310
3288
9546
7250
9989
6927
1974
3163
957
8869
2275
6234
1188
4954
4189
4291
4993
2504
9784
5372
89
188
5550
4841
4141
6033
4402
4232
6211
760
3102
9337
9084
9575
6478
9409
6558
628
4827
3034
6771
9947
1925
7202
1882
8939
519
1467
3460
1346
1249
302
9515
4189
8055
1080
9104
1294
9431
3334
6891
319
1881
3534
6389
7569
2224
4856
3312
6938
9432
6920
3125
8363
5117
5140
6738
732
2074
3594
9073
9859
6728
4174
3237
9916
8537
3276
9551
4308
3379
1009
222
2398
913
6498
8273
7761
6007
5308
8163
2655
4462
5785
7043
8257
3403
6380
7514
813
2832
2388
3249
6345
1784
9011
8345
8290
4205
1114
5124
2127
3695
5586
65
883
9978
7163
3230
297
6691
3375
7112
5349
9109
9368
6344
5609
4106
7321
4233
5795
9112
8205
3935
2107
2556
4147
1913
6886
2990
909
6620
3971
4909
9664
5805
4178
160
6897
3206
6031
4484
7699
9147
5900
3136
8633
4524
5942
7626
4923
3591
9283
3325
2400
873
1663
6041
3844
155
7678
7596
4896
2756
8368
5112
495
2269
2283
4497
9773
5026
9726
8141
5507
7424
3163
9662
3950
6826
6747
9923
6452
9493
3069
1782
9498
8870
46
7827
1639
3869
9183
3880
6233
7883
7825
7657
4656
4851
9985
58
6962
6401
5031
4067
3444
2246
3763
4576
7692
1500
5455
7422
7298
1401
1158
484
6123
6872
9198
8781
9379
3254
1472
2636
3799
2609
7645
9111
2868
9525
6483
5459
1207
7599
807
1143
8584
5197
8797
2687
4118
2496
9677
3868
7135
9088
6155
838
4215
2757
6917
2693
6255
307
5109
7954
7021
1549
2472
7996
4907
5855
1523
9279
9142
3868
1225
7932
8467
4914
2312
8069
7278
4362
4526
6283
3995
2268
2274
7324
100
6260
9032
6724
5328
9614
2600
7844
1335
1156
4078
5200
6877
9407
361
5867
9639
6497
3467
7204
8383
821
6668
2645
5058
2928
6735
8543
392
1040
2386
4553
4982
6327
1509
1004
1457
8340
5297
9229
7886
1727
455
6570
3495
8372
2331
1212
5827
8885
209
1143
1835
7341
204
6121
3970
6651
3191
999
1346
3866
9217
1015
554
3949
7629
369
817
2364
6993
5107
8953
6094
1607
5900
2044
9970
83
624
7103
6083
4687
3902
5933
7784
4058
5271
1672
5936
9573
7314
3656
4595
4366
3319
6654
9141
7330
3901
5929
8737
5417
7176
7427
3744
3826
8317
1382
4821
8876
2083
8673
7715
8461
6124
6573
7246
3525
1780
8110
1871
3459
7894
3594
3123
1710
5992
3792
2657
2753
4042
5823
7779
2997
6575
2413
6999
9414
837
1736
1753
6746
6094
9862
942
1527
9039
2190
5360
3569
3993
3621
3717
9980
6848
8737
6894
1099
1090
2456
1717
6566
1457
9471
7093
5708
9653
9898
2674
7577
5186
6103
2105
9230
1781
4589
6538
3140
3692
2787
961
4695
6824
5073
7699
9953
2292
8503
6037
4547
6160
1970
8504
7309
5377
8381
9527
6781
4012
5724
8318
8139
9411
5860
2872
1145
7042
6979
1954
3042
5176
2491
9593
9319
4195
8405
3614
3340
9706
5367
131
6456
7660
8879
7687
1227
7722
8254
4526
3454
5066
9884
1658
4094
3895
5272
9728
7952
6740
1661
4759
7113
1017
2359
9534
9503
5408
6470
8425
5486
1742
5334
7770
2972
5295
8290
4598
4804
3376
7637
5654
7575
7474
9831
7296
5960
7480
5152
5655
5254
3046
2472
5345
28
9299
6193
9659
7758
4726
2223
7374
7601
4317
2515
2185
391
8487
2315
3356
2318
6492
4441
7988
6067
8183
2550
3962
2622
3849
7680
7693
3532
9453
7503
3175
7884
2189
9324
4748
4138
8855
5939
5564
1033
5174
6522
7266
1511
9826
5553
5528
7879
9878
7128
4338
7492
7653
2519
3095
3890
6007
8015
6819
122
9118
9223
8037
6003
2229
8363
4882
8833
8187
325
948
2086
5524
8986
2574
610
7860
6605
2443
1896
9623
8534
7814
8522
5132
1791
487
6083
5829
4667
6158
5224
2715
5478
5665
3762
3440
1943
2123
6604
4921
2436
459
2904
8317
2833
9540
8226
4241
9632
5465
9248
9552
9600
8430
8889
7318
342
7211
9857
5485
229
3660
9736
8292
1930
5873
629
9845
2965
6436
5106
2037
4882
5620
6600
5143
4861
7194
617
6922
9554
3499
6305
296
2806
5647
7121
2762
7659
7809
720
1430
5364
4282
1340
7273
1944
9806
6131
7290
2898
7642
2089
7969
2048
3740
5480
2082
6532
8094
9414
715
3579
6007
478
6657
6116
9362
2433
318
1111
7171
8267
4880
1751
6696
7983
3405
1071
9559
4420
7806
6015
6257
9181
1255
6874
6233
7836
7267
4546
9336
2935
3205
445
9334
8782
9920
311
1181
933
8632
2955
6555
1445
8538
4780
3887
9118
3324
4732
8878
2
1138
2021
3031
7340
190
1737
9384
5378
3058
2645
2117
9189
5869
9689
886
4596
2390
7012
644
814
4276
9230
1308
8277
8676
2666
1596
4572
395
4433
2364
224
6613
9042
3481
8594
8150
7684
1739
8936
9365
8544
6647
2096
5656
8289
617
2739
8430
4447
2721
9536
4934
5593
6639
1447
2207
5551
5446
2673
8820
3700
6131
5777
7939
9085
5315
2327
1783
8722
9844
1676
8827
8692
4194
5007
9357
7809
7710
7941
3065
3148
918
1997
3731
5510
9430
9696
478
6750
3466
3164
1139
9571
3511
5964
4892
4928
1157
5037
4063
9976
9315
463
5338
9505
5807
811
2123
9993
6679
759
3488
6297
6673
4481
1570
5952
6109
1775
342
9980
8969
7673
4608
2053
3597
8940
4164
5157
774
6619
1722
2315
208
2242
4094
4720
6179
9091
8304
6721
6097
2697
3926
2011
5594
31
1559
8749
7982
5792
7850
5832
5143
3346
5524
2008
2445
8808
5161
2737
5360
2852
551
7988
7170
3619
6930
5031
3039
6072
3159
6392
1723
9925
104
8139
4592
5382
5826
9165
7047
4730
9746
306
189
2382
4588
488
3807
152
1882
1840
2817
1375
6351
2556
3312
6610
525
8542
1280
3589
1309
8305
161
3711
6130
9031
4262
3171
3663
5243
8779
3606
3981
138
6950
5873
3313
4230
5437
3919
8098
3599
6982
5804
7173
6062
5385
6971
9696
6266
5505
6323
3058
1279
6785
6460
8557
997
5025
8357
689
5851
7746
557
9941
2965
6976
7636
4498
977
3620
6378
4175
3785
9695
6746
7982
3128
9257
9454
6187
810
6767
6462
425
3117
7014
3258
8886
9584
8725
1128
8153
7768
7975
4179
4288
1788
4120
40
2957
7036
7014
1011
6848
6011
5332
8891
7519
3616
7497
4820
1314
4376
2528
681
5346
6023
2823
2175
838
1482
8888
864
6596
6421
9946
3620
7173
6482
1239
6754
8379
364
4947
4751
5358
6830
2008
9786
3820
8004
3572
719
3650
998
7992
6715
8659
6862
9524
9851
6067
7508
6523
5269
3849
5856
7276
7378
6901
7362
4325
5671
6973
6038
3431
7321
9759
7069
3284
9791
5913
9704
5008
5129
2954
579
3563
1491
1785
5038
7046
598
8740
562
8743
529
2762
2421
7815
8872
7889
5762
3769
7702
3893
8399
5106
432
2650
9497
1292
7444
9717
9856
768
3714
2477
2692
635
8872
9841
4001
8780
8572
822
639
7944
8517
8673
7213
7973
5780
9374
6548
1268
8863
2728
390
1064
2010
1053
6359
7093
6396
6329
8221
2359
3916
1038
596
4534
8600
8815
2475
3093
2385
1772
5868
1350
5361
6370
7893
4796
7874
6817
9110
7765
576
3512
3838
1819
6184
2043
3755
2701
5711
4388
8770
8845
175
7267
7465
3944
1186
4601
8456
4907
8153
2738
9082
7275
9467
4761
6137
2156
8765
2122
9033
9053
4140
6072
2464
2812
6647
8927
527
9694
3344
5799
6974
8899
4951
4261
1818
6001
7639
1079
3695
221
7787
317
581
1160
9695
7796
5221
6177
1334
6169
9633
1324
7250
9492
6827
2388
7982
8704
8800
936
8742
3678
1205
5977
491
3147
6994
4606
7660
3444
8035
8441
4529
7804
1046
2660
7992
762
2075
1387
1750
5107
2497
7749
4335
9011
5655
7256
7891
4413
2788
6316
2865
4573
6923
1651
1427
3443
6923
3907
270
2997
382
457
9899
1010
3522
4225
9911
7452
259
7121
6637
240
8027
7475
7267
4470
6969
1317
2541
2957
1566
407
5326
3646
5887
6582
8479
4126
8840
2730
3080
1113
2044
3335
8736
5319
8230
486
9672
1714
503
8317
591
5438
6217
5951
516
1770
5920
1871
4269
5894
5899
7544
1310
6097
3085
2474
466
6609
2930
6456
6746
9398
9099
4105
4968
6701
2020
8910
4088
5252
3221
6060
8465
8550
8953
1187
9568
5616
5718
3122
3904
1543
2581
423
1039
6406
422
5132
6174
9418
6686
8898
1448
5598
5338
3867
5791
4408
6069
8643
6604
4842
8527
6785
2277
7105
5225
5566
726
2718
2753
8317
7595
253
6626
9296
4203
3743
3664
6552
2090
4923
6165
8741
7495
8881
9159
5495
8475
6109
9502
2997
6125
886
8009
84
6377
8166
9255
2140
9684
1927
3300
8997
8948
7723
4966
6400
1686
4736
424
586
458
4237
9945
9874
7005
1760
611
3997
6171
7355
4570
9627
6691
5787
2070
4702
2880
6164
2441
9496
5782
4652
2015
8529
1993
3311
4864
5847
6255
7872
2067
5030
8001
844
9880
9548
1172
8509
2334
7137
8501
460
4884
3289
7930
3426
6999
8118
6600
4258
9877
7486
7066
6478
1581
7727
6547
1116
4808
674
2408
1299
6375
554
2274
3702
5437
4077
1493
2991
8288
8885
3408
7862
9781
7888
7357
7887
220
1153
1265
3379
3044
998
7456
5393
5845
9706
6851
9018
449
2056
1707
8759
9232
7926
2542
2636
8516
8912
2781
3906
577
1374
5918
3131
5642
1424
2042
4959
7500
2959
1896
6967
6172
790
1674
7903
1849
288
5582
6606
4534
7417
8827
4353
6831
4768
8946
6691
9625
8214
2252
7684
7379
5473
7034
6836
5988
7635
7747
5943
9304
1646
3215
1809
1018
3070
677
3722
944
7508
7309
9177
4078
9912
5525
6807
2227
9142
8956
2897
7807
9954
79
3303
6965
2188
9905
2580
8648
4910
3572
5175
3831
7990
4747
198
9866
4959
129
6342
2774
2645
1130
1515
1096
611
7414
6475
4466
1668
1588
9892
9651
1887
5464
5882
1171
8699
6899
5366
5562
2184
5511
4540
7973
9897
9345
2251
8117
8272
7525
1409
3000
7248
7945
5211
1100
5476
8375
4612
2640
2670
6242
8211
3366
8396
9668
5922
1172
1310
2873
2520
5665
2319
6198
9417
3588
3904
9899
2440
2978
3967
1354
376
507
3209
8850
8612
2052
1015
7088
7015
5578
1896
8288
5667
3408
765
3473
62
353
1674
2528
2272
9494
5301
2829
1712
8353
2649
4139
6907
3670
8661
3225
281
3945
3819
6872
7499
5295
7225
6951
4142
1633
7131
6086
8029
6472
9869
8571
5087
7574
3254
4617
2427
6389
621
8015
6560
3376
2045
5789
5642
4960
3406
302
9835
5378
6569
6559
8125
5150
5819
5689
1155
3857
2392
8439
6485
5876
2465
7071
6867
9243
9500
1761
9715
6302
1814
9363
6763
8587
2869
5980
6058
2190
7470
4613
9279
3385
6061
3953
999
5570
7185
4569
6495
7963
1698
7011
4274
2485
2188
1621
977
1618
6583
2800
265
6255
7841
2964
6806
9391
7030
4079
2287
1049
2641
835
1335
5120
4440
3009
1468
6593
1340
8029
3210
3484
3383
7687
2392
7894
8981
2703
7596
4674
1433
8561
1937
3272
3407
7632
9912
588
9990
3483
6970
35
8692
1684
6621
8865
7146
5282
2051
613
389
3502
8596
7961
321
3207
4383
460
2660
5654
6657
9277
1026
6685
9800
3114
9619
3229
1546
9836
323
7892
9635
4774
87
3546
8843
5655
5254
5996
8996
3367
1677
4184
5743
5914
5474
9590
4045
7339
2996
6558
4478
344
6274
243
5065
3647
4604
8779
3303
7847
6290
5474
6833
8937
4530
2597
2270
2164
6878
946
901
5478
4884
5200
6442
3868
609
983
8446
9095
1975
2929
5766
3545
9387
9007
302
3031
5571
1142
7013
1598
372
5208
347
8052
6813
5447
3066
7436
2647
1540
1318
8171
6048
1807
2473
8994
5102
3014
2691
2129
506
5666
571
391
2409
4781
2665
2455
7875
2662
2023
9709
2737
1653
1239
4509
8664
4799
4133
8572
2956
7639
2582
9426
624
6327
5109
7207
4839
3537
9574
7710
756
3461
4504
7620
6181
8060
3027
5528
3485
1003
4323
4698
2972
3889
154
850
6569
5871
5627
414
6524
8803
8923
6987
7393
6492
8795
1723
8205
5925
436
606
4327
9445
377
4915
4754
9700
7889
7245
8245
4390
2777
9162
279
6060
6671
7228
142
3493
3419
7779
6783
9378
405
3799
7183
281
7339
9274
5728
6955
9743
469
3619
6789
4081
3540
370
6398
8518
6641
9108
4497
1520
964
4713
9965
2795
8693
9316
8654
2873
4967
3783
4483
8148
2429
4156
2692
763
4270
7487
8831
1328
3892
5778
8754
5874
3912
5105
2143
7642
1306
835
1736
2914
3081
1127
2835
5021
7823
508
1079
6314
9834
3743
8550
7864
1082
4307
7361
2967
9506
4695
4368
9656
4646
5644
9934
5656
6094
9611
6700
4056
9960
5795
5910
6115
3387
5963
2181
7622
8040
7337
5465
6331
4340
6415
2306
4332
2209
8514
8133
8692
376
9374
7055
3238
8879
9952
5002
4327
1467
6378
9736
2971
4735
5221
3302
3980
1591
2759
428
2120
3860
2120
5809
1387
8359
9786
1854
6180
6005
4382
6989
9669
3312
3240
1287
2666
830
9564
9802
3597
3831
4225
6804
95
9994
7841
5718
8505
3725
8032
1507
3084
5474
516
5351
246
2608
3150
8267
618
6969
2660
7410
4116
1919
8311
4581
4493
3272
3449
498
1024
9664
3211
4282
2828
3201
8451
2407
4347
120
3012
1922
1983
6672
4688
2324
646
5313
8422
4181
9535
1369
9285
164
8712
3746
1301
646
3974
836
6383
6106
5662
3855
1339
5368
7378
5904
7942
3027
4372
8771
2827
8181
2906
4954
5109
573
8922
7266
9321
4168
5125
6289
5759
9077
