1327
5838
3490
2279
525
4548
9566
9700
2855
533
6031
8234
5406
9296
3425
3188
966
5486
9526
6847
2367
16
2234
8938
4204
5768
1367
8078
4670
7153
6102
9426
9652
9356
6925
9866
9261
3178
7244
4026
3129
8909
8032
4274
7353
3916
3055
5202
1023
5535
2533
5768
7184
3904
9474
3356
2585
5011
7439
2998
7216
8034
3606
2371
8804
7993
4223
5658
5934
5639
9226
9552
5234
4603
2489
830
9043
7933
208
9098
3546
6947
2479
8824
4266
6964
5998
666
940
9029
2815
519
5681
2872
1058
5037
8423
9541
6801
1369
4999
3073
3612
2954
7785
4690
7617
8135
5842
7341
7227
3971
8759
4669
5159
8763
9816
5013
1365
1071
701
2707
5583
9416
1562
3613
9058
9312
3059
8665
9233
4484
1069
8601
4333
7078
2026
6235
67
8936
3185
4471
2336
8572
9042
545
6583
6607
1916
8979
2824
2022
8272
210
9139
1902
9427
5480
2959
8347
454
7465
3630
3106
413
6559
53
8064
9714
4752
2469
9560
4919
269
2615
5900
6181
2526
1420
8018
5148
973
905
2234
4220
9096
1587
5646
1444
5758
1465
5905
742
5836
806
4178
9231
6464
2957
2689
312
4978
9726
1936
2230
8120
334
490
9266
8567
3916
941
4339
7613
2810
446
7182
5003
3587
7580
793
4471
1275
9872
6747
5726
4914
9501
5718
7222
2054
4601
8317
9565
2768
6343
2475
6010
8764
3179
5954
6145
9302
1109
8551
2891
5250
2927
589
8702
191
911
1326
7697
9778
3761
73
6467
3609
7143
5967
1773
3822
7985
3011
8917
8634
9310
2902
9325
9522
6840
825
7447
648
2146
5520
7220
8631
6037
5775
4781
2469
9671
9214
3088
8980
2270
6485
4383
2602
3124
4177
6491
1026
7677
856
8281
4743
1662
1375
921
239
9675
7081
4670
842
3634
9184
405
5937
3960
3547
7320
8358
3569
8851
959
5478
7221
7116
6661
6550
5367
5559
694
5932
5413
2999
2996
8945
4305
4114
5945
800
8710
4266
8415
3049
8260
7027
7043
7922
6428
28
8544
1736
4381
9419
1482
5241
6430
468
6437
2673
8295
8115
6065
9874
7986
4505
8846
8565
2909
3493
6174
7620
9553
4123
954
4073
6168
6313
5380
7913
6446
1842
2458
294
4432
5731
9326
3969
8492
1411
9761
7915
4478
4425
3215
3887
9535
7174
3731
191
1624
1434
2689
472
9585
5841
182
4301
9252
3857
4966
2150
9952
7411
5865
9288
2743
930
8050
6399
1725
3666
5633
2598
2247
3741
6108
7515
6782
9517
6303
3180
8192
9381
577
7693
8255
3609
615
1584
1951
9332
3877
4673
7669
1922
1547
6889
249
5617
2499
6666
8437
7748
3250
2647
740
8440
8355
5871
9771
1590
7657
2965
5650
9870
5330
3655
6006
2972
1347
9668
2012
4311
7947
2317
1461
8261
9552
6560
2441
6027
8736
5350
2239
9423
61
7550
9881
5988
9645
3639
3512
518
4477
1409
7023
3566
4259
2120
864
7757
100
7380
1293
347
7888
4043
1667
8336
826
8142
9628
1811
2196
1940
691
774
1759
9876
3539
3463
4378
3826
2613
1320
7291
1392
1303
420
7527
4433
4943
7522
632
5137
1036
9076
547
2919
2972
6531
8424
3635
3758
2579
1683
7472
4280
5951
8095
3555
9500
6184
9802
3397
6850
732
2101
6681
5454
8953
7080
5054
7783
8871
2551
6566
5007
4360
7276
6833
7002
6489
2366
754
9982
1298
5946
7879
6604
8084
2859
9712
13
1432
181
6685
1427
4342
5642
8158
5122
7302
7881
101
5247
8411
1276
2717
5677
6595
8778
2463
7566
3834
2897
871
9086
744
7537
5718
9240
7989
2050
82
2949
9717
6393
9699
2073
5758
5151
6904
5965
9771
4782
8133
3809
5757
9481
2765
9152
3737
3898
3890
3911
9452
100
9729
2101
6564
5850
2926
2517
535
2009
739
6829
6396
7259
9524
3462
6464
1229
6852
3417
8933
4922
2941
3186
2510
7478
3442
5889
6938
4235
5750
5063
5139
6852
5019
7051
6057
6092
2312
6192
3220
6912
1408
6409
1190
2828
6726
826
4737
6582
7685
6291
657
7333
7771
2091
4550
2136
872
7271
3035
8081
197
5426
7421
3459
6860
2703
9412
2533
387
6105
396
9863
6183
9742
1239
4092
7677
6987
6976
1686
6302
1384
3153
8833
3495
463
6584
5972
9370
5957
6423
8000
2180
2835
3267
1103
7156
1797
1576
3827
3469
9494
7068
3435
3304
5011
7818
1330
8227
1222
3785
3111
1169
5078
4010
5719
305
5890
8163
3901
9001
2965
8166
6315
3695
8982
6096
9079
704
5274
4406
5724
1411
3626
9445
5799
582
7726
7813
7391
6839
9742
8183
9072
6010
402
7100
1221
8091
6420
7080
8643
4039
1265
1410
6700
1240
5948
6907
411
9043
9146
8371
1522
7942
9612
6308
7243
9237
369
314
7607
7213
8547
1225
8251
6994
8014
7612
5639
7228
8398
3047
2449
5496
3185
7152
7930
6821
3122
5075
1764
5769
6291
5358
3938
8709
5890
1682
9978
3703
4719
7405
293
4730
7321
2943
9535
2623
9375
9189
443
9887
9846
6347
9628
9635
3925
6716
4017
483
6105
4647
2223
2309
6928
681
2067
6016
7157
3384
3093
8084
7161
8605
5436
8947
1963
2895
6996
9090
814
5562
8603
1708
883
3008
8848
5229
2968
1710
673
247
370
3881
3587
2180
4837
6554
6053
9246
7038
3848
7486
9588
9575
9282
9983
9443
2749
4881
7092
7794
8149
4899
9700
9441
1188
63
5364
8523
3291
9588
5421
9619
5547
6360
2356
8480
8129
7087
6301
1439
5428
2375
683
7311
542
4478
6273
2720
6290
5638
484
127
4182
819
4275
8671
4550
9587
4706
8740
2739
449
6837
6584
4294
983
7697
3073
7804
9866
6337
1246
4408
7332
9171
8165
500
1210
6370
9843
2952
302
4406
3026
7182
1103
3277
6894
3572
9101
7089
5512
1599
2614
3660
900
4062
3213
9273
150
1682
6602
2320
9751
5422
9017
1227
5226
8932
7048
3825
4192
9239
4661
3694
9487
4690
914
8253
4
4145
4477
2953
2741
9937
3411
8437
8487
6887
666
1322
3085
5599
4606
9039
9739
405
6229
310
4414
9501
8355
3826
8760
4908
5235
677
5304
4179
3437
2877
3424
9445
5149
9162
8308
1638
5654
833
9974
9057
8566
464
7480
5679
7386
294
875
6468
8092
8222
5343
7836
4895
9101
928
8676
7525
5571
192
6085
4783
6397
8462
7508
8141
9278
7521
1809
7364
4570
8323
2600
4332
4520
4679
5243
7070
9329
8489
6097
6999
3351
9779
1152
1582
9090
6804
9845
1893
6034
7424
4494
152
2859
8730
5346
7396
3775
2168
9092
2699
6003
3307
2756
2851
2257
4641
3365
8085
5927
2789
4154
7532
9923
3926
456
6643
9476
9861
7240
331
3755
6044
6499
4884
4806
4028
6003
9786
8646
4856
3142
6321
9603
9446
8509
1076
1227
5813
4163
8290
1406
4289
3855
9984
6327
9854
3792
6291
3979
243
7031
1279
4808
2046
986
6025
9917
1339
930
2649
4271
2873
6204
1541
4360
5709
5688
1465
2545
9906
1271
7476
5261
4363
1416
2806
1491
2468
2216
7967
6863
5046
226
5638
6913
7007
4937
4600
9169
7770
1876
5664
4950
305
7615
3282
9437
1190
5534
916
881
5741
3119
9888
9643
783
2377
4236
7700
9991
6268
9547
1796
2782
8671
1314
6809
9868
6141
3986
4264
3630
1322
9179
9865
7816
3613
96
5383
1722
966
2400
5062
4285
4436
458
1203
6895
3511
2941
5937
9458
4865
2200
1932
220
2658
971
1571
3097
6173
1414
2494
570
2253
8842
3996
2969
4041
974
8296
8208
3728
2055
5171
5361
1254
1340
9396
4455
2278
9418
3263
8333
1218
4639
8600
5117
6372
6924
5583
500
5743
6511
6707
9797
2990
6551
9317
1494
5764
9640
6309
6470
9998
393
1474
7890
2346
7410
1712
2525
6955
6453
4439
2197
5576
8653
8356
421
8196
4828
1422
1422
6480
9751
2051
3907
8850
6079
4341
1896
9167
8084
933
6222
604
8144
9340
1392
1675
5303
6868
4963
6686
3436
4786
6940
1232
739
6702
4494
8943
6006
5509
3553
767
9663
5283
3882
1740
3733
1135
9358
2692
8201
5588
9219
4983
9368
8278
8370
3141
1705
6397
3064
6588
9891
4662
5209
4888
3805
779
7404
3865
259
1719
2466
9120
147
6663
9081
9183
9342
872
140
8324
5860
7141
9421
6422
1315
8946
9332
6134
4426
7295
2889
3076
7462
8757
3928
7120
664
6864
4819
1702
9470
1632
4672
9279
8997
2941
5515
3608
1811
1098
8142
5142
7727
760
5624
7290
8171
407
8264
3598
6390
6959
1027
762
9644
2977
5147
655
200
8325
5761
6587
4776
1289
2221
3616
1169
9535
8245
4201
5529
6782
6613
3638
8596
5156
6096
5399
9136
6232
5222
4537
6624
262
1478
72
3274
1036
988
5914
8923
8303
3181
5329
4648
3403
3824
6650
4038
6037
598
5956
6731
2327
6713
8214
420
7475
7692
2062
6023
3513
4703
4414
4423
7971
9228
9685
7515
535
9987
1804
1
8298
5155
8810
6650
3298
8769
5462
6574
9741
793
5855
7047
3467
4216
805
616
1390
8942
5542
7273
721
8138
3669
104
230
2711
8593
644
9368
4210
7003
6936
2095
3950
597
191
3272
5759
4930
9077
5119
8314
6258
3677
1396
5996
5427
8150
7176
9886
1510
3915
4214
1226
2766
6797
8597
4079
3377
5916
9344
4884
2305
4591
4307
2568
4096
2948
5467
8773
5559
3426
5848
9348
7935
205
7482
1233
3257
862
2784
6554
7150
4195
6913
3203
8973
8811
2802
256
1155
745
6332
5564
888
6750
592
4411
8230
3789
2400
4662
94
4569
9133
3340
2972
2558
8219
9024
7269
1472
4056
7416
5922
1466
6432
4780
1211
1173
3402
9270
3581
7077
4793
8019
6400
903
2895
3586
9991
4305
9014
625
1060
7120
3014
7248
8791
5494
7204
9740
3126
6186
318
4862
3502
4927
9334
1636
3249
5644
9647
1471
5611
9738
4794
5256
3421
6642
7166
15
9848
2896
2816
1598
9260
7930
9742
7156
7424
1001
9367
7263
6240
4031
6371
4014
1344
8466
9843
5421
2359
6038
6412
1720
1905
8150
6388
3537
5342
1742
4197
4997
6277
316
2106
402
2827
7237
9114
959
5420
3005
1587
8054
1696
986
5826
882
3487
7861
8685
1998
8896
6872
3902
178
255
8699
1451
2706
3976
1222
6041
2
2052
5791
4638
6461
8027
9757
1365
8373
1084
3877
5583
3126
1585
841
8528
9390
3379
4891
6377
1903
7864
4834
6405
8364
5055
2690
442
5472
2985
7836
5158
2582
8521
7603
7671
9227
1108
4962
5930
3763
1293
7192
2534
5055
954
2308
1082
1804
9461
4669
6980
9834
6761
4652
4520
8615
2408
7555
5917
1745
4423
7136
4567
2098
4475
8409
302
6498
6963
8171
5015
2076
5936
4255
7189
2912
7386
1552
2811
2130
9884
1050
389
9112
6651
9484
3502
5531
4255
8993
2916
8215
9416
4972
7021
9809
1026
5447
8353
924
585
9910
6924
4283
6085
8341
5657
2261
4574
4419
1877
142
6921
6222
3378
4463
9035
5188
8171
1833
4769
3002
1210
5785
2776
8512
8837
943
1322
2463
6988
8204
1473
1592
823
230
1795
6032
5101
7964
6052
3241
6320
6062
2025
6197
4197
869
6053
2191
2102
6776
9530
4263
4191
9631
7138
925
980
6730
3225
4653
9667
492
6951
8810
7309
2705
3092
50
2619
5086
9956
8997
4909
9683
858
1362
3952
9703
7546
8211
7122
1482
1578
754
384
57
6981
8922
5984
6866
7641
2118
5492
1967
1087
2127
3397
4355
1981
7853
8611
7817
8888
3155
103
815
8285
5194
3538
9387
4263
9199
1843
1382
6650
6604
5890
4228
5345
6992
8804
8642
9930
8210
4384
8818
1194
8463
3246
8407
4372
2833
1261
7182
5997
9971
3038
7928
2554
652
8010
8510
1637
520
6912
28
2869
9487
9909
9875
3652
6998
3123
2321
3994
9521
3992
1827
927
2001
267
3489
4809
5613
6590
2223
5747
4897
3862
6765
104
9158
5121
6134
2761
7255
190
8650
9695
8905
6885
4283
1062
4954
9008
172
6919
5016
8099
2737
1191
5628
423
4015
7752
421
9718
2533
9717
9276
1377
3576
6704
7009
6535
6040
9944
2643
8733
194
128
4197
6952
1657
7569
3050
3547
5796
4962
6225
7330
3161
3023
9490
7062
8040
3488
5964
6444
7679
6304
9956
2574
3760
6337
4584
7399
9935
4631
5648
3690
8056
4488
5337
6035
8522
5518
3549
6325
8338
9141
3142
4854
4774
5417
6599
6100
6091
1802
494
6987
6219
5416
641
7121
9137
7760
4865
9169
800
520
4430
8846
5905
942
6693
6715
1038
311
1955
99
7205
1139
3127
7472
9680
8661
3452
980
2565
9050
4391
3804
9042
8905
7064
8418
6348
3121
3402
5301
3056
721
9766
9467
1230
3568
6135
8350
2215
7189
5701
799
6964
985
4831
7555
601
390
7862
1751
3080
8426
6480
4167
1226
1957
7500
3394
7165
2914
3661
1079
1540
6819
3834
886
7919
1740
5351
7614
6588
2760
9460
8018
4436
7749
7631
8165
5570
7386
7465
4175
1497
1154
30
4782
5357
6071
657
3827
718
9327
8313
5563
9759
3647
6500
9924
6712
8162
8116
1935
5964
4755
1855
9244
7556
3155
5730
9950
3092
4464
3688
9071
8641
3113
3210
4934
5598
4131
3125
8409
6747
8663
1432
3737
7432
7590
8128
9517
2623
4015
6608
4466
4250
9073
6650
1231
2362
5701
2272
9788
9944
8905
7810
627
5072
7780
454
6994
3349
8939
6674
9083
2013
8007
1451
1437
706
8592
8684
2463
1371
3130
8174
155
8711
5776
6579
7287
3781
3497
883
954
7358
2465
484
2325
5581
8304
5716
8236
5900
9994
4879
6235
8495
7053
4895
5259
7288
3807
1558
4389
1965
1548
5138
9119
5398
3804
8360
1819
3320
4296
4240
4408
5387
5745
2459
8128
8467
5605
4867
8462
4729
9127
5907
2448
8195
251
9149
1089
2160
6988
3114
2679
7379
1167
8334
5851
6855
2660
1114
6486
3290
3297
3563
1578
1801
2621
1837
7192
3679
1535
6219
5972
8061
6187
9402
7691
5484
9696
2342
4470
2126
8530
5954
4637
3802
6241
3243
5519
1876
2513
8075
3450
4654
2840
3627
6599
3753
7605
144
6077
4563
8850
9695
921
66
1668
7552
7240
3903
1248
2503
8259
4173
1465
8801
3574
4029
3281
1028
2489
5192
9721
3807
7362
8924
9707
1627
3829
4806
4317
3451
3539
8207
5128
5618
7212
1745
2240
9595
5889
6516
9081
8303
3257
1397
7108
7244
5659
3582
677
331
3972
255
6604
4194
3143
580
3191
5481
2390
8625
5738
5293
9286
7945
9344
5032
8322
1278
13
2843
5905
5808
4104
8812
8022
8100
2978
7188
9138
1136
4927
8020
7246
6145
7801
4038
3991
5142
7694
9372
1954
4506
3192
322
8867
2942
9850
7257
8085
4817
310
1047
4455
8843
1420
2159
5006
273
8520
2356
2235
9444
3016
5210
3891
9428
5432
3299
5404
1484
8204
2464
6050
9742
8093
2312
4235
791
1117
6176
3768
1016
298
9537
976
4305
4522
213
7710
1567
1995
7363
172
8753
1131
4300
4511
8121
610
884
3934
9960
8789
5928
7359
5382
6745
2086
6427
412
4600
3504
317
1774
459
1506
4014
7891
599
2403
5349
4592
4027
804
4519
1018
2736
8130
8722
2979
8212
5434
24
5679
8582
4368
9744
374
6525
9851
7262
1606
6631
4227
7051
6831
4078
463
4823
4682
7032
9392
6077
5065
7381
6402
4338
156
8420
7868
8428
1072
1240
9814
461
2633
515
1093
3499
2646
4321
8458
4557
330
4935
4540
5047
3800
8542
1082
9708
9733
9912
6039
2177
1797
3890
4204
9231
3638
7161
4704
7847
4261
5596
4693
5066
8487
4593
3661
5645
9887
9327
9396
2391
8159
9204
8102
5573
3061
946
6537
5427
6356
2767
4000
8469
6760
1320
3115
7609
6774
2079
502
5383
9270
2886
6106
771
7967
5693
7305
3956
5604
4463
9514
2663
7304
4439
3253
7009
7282
2921
8761
1374
2784
7790
1663
8302
4554
5905
6954
540
2928
148
7817
6836
1834
8573
3168
7159
6798
7498
5053
1511
2483
5392
995
8773
7387
9456
3300
3873
4537
6716
7490
70
1124
4515
2175
1465
1499
8619
65
5251
2879
2254
6854
8766
1084
7221
7569
1490
7947
2144
5526
8726
2965
2865
2678
3748
7744
5777
4474
4606
2772
8204
1338
2982
1799
3033
1844
5783
6302
1331
6234
9083
6815
9008
2405
709
7460
3240
2629
5232
8814
8210
9801
3565
1186
6644
4175
7560
7229
297
8881
3285
4543
5257
4398
1214
8861
9156
6680
4490
9160
5950
1109
9125
2539
3723
6467
9818
5716
1234
8800
8935
9923
4416
3373
4591
9653
2419
7454
478
8502
2244
4504
7774
8121
3432
9964
9483
548
5610
4326
6249
1199
1351
6431
3180
4902
4423
2048
7550
787
1885
5858
9554
5217
7447
625
4029
7408
2887
64
1529
7861
2835
3263
1307
3805
9655
380
6540
5443
6781
8153
5441
7472
8416
2738
1788
6473
1527
4994
3051
4660
104
1384
1878
5355
2162
7371
9760
267
466
5625
7351
1747
5860
5838
5985
452
4458
2707
5770
8530
3944
5506
7126
9207
7628
7587
3700
1132
4856
5094
9242
7033
6085
9136
5047
7954
9837
7715
9995
7902
499
9941
1016
1514
5517
2275
9560
1565
7951
7168
1354
6960
6496
323
576
3065
1353
6145
2437
6036
2501
7286
5815
4664
7486
7906
2528
8416
5029
2292
5649
2853
4022
1752
2714
7537
5137
5728
8961
8568
6896
6250
400
9205
3131
1736
3270
4242
8661
3057
3506
4730
937
8949
9628
2448
9398
7477
4175
2126
707
9735
6291
7216
3932
4912
9109
5492
752
9696
1428
4288
3262
6484
9734
5951
1311
7580
5665
2366
6175
75
4204
9997
3754
2751
9118
9464
5203
4518
6179
341
2336
6476
4307
5213
1915
6979
875
5648
1333
6588
5566
6815
1580
1980
8320
7560
7881
7707
5926
9491
7550
3457
2252
8446
4693
6334
9897
8382
984
8703
5547
2561
5061
2817
4060
7350
5147
4080
7872
7132
9431
4527
648
8362
9075
4826
3542
4216
258
842
4158
5556
6235
6034
4236
6242
7442
2299
9938
3405
4800
5476
9554
9190
3670
7659
7140
7977
5008
2605
1144
2910
5909
3015
5084
717
3469
725
1639
3260
9322
1431
8752
8399
9044
7027
2243
9662
84
2299
795
3424
4200
3502
2348
848
4657
4478
7454
8965
6257
5559
9133
7529
5009
4501
733
8188
4197
6422
564
5922
9680
6637
6824
3050
1585
8444
8886
6547
4638
769
1505
9879
922
4201
9130
2909
2303
7485
6076
1669
7233
9636
7256
481
6879
1861
4828
5715
5935
1876
6506
2842
6999
8943
1724
331
2159
7201
8989
8673
2086
2122
8843
4088
1618
6378
1288
7871
4619
8217
985
6564
305
6242
7282
9644
9468
898
1967
9226
4032
872
5942
4911
1717
7907
7410
4189
6820
8140
5705
8362
1087
6686
6203
3573
6656
4049
3562
6147
4263
6459
1940
788
2142
7839
5876
7226
4586
2193
6536
6289
6536
945
983
3532
2935
7390
6823
1372
7957
3128
3394
2784
6472
6626
2621
2292
5706
9660
4543
6887
9709
7405
1591
1881
9456
5287
4433
5951
2526
5105
7609
9864
4271
292
7801
9466
9958
1061
6259
7862
3248
2125
2312
8445
8185
7230
5744
6860
8785
8700
78
6923
4210
6870
2917
6807
9795
8952
7086
9081
4261
3021
8173
5540
4823
9985
5593
9203
6022
576
5703
3746
880
4332
5157
7535
331
1820
2154
269
6393
3877
2732
7883
4431
1843
3123
554
8619
6324
2328
143
8388
6903
2338
5281
3055
3377
3675
293
5643
3252
6015
5269
3159
1218
7605
7190
4388
5982
6780
9419
6131
1143
3450
409
9466
3802
9259
6659
6124
8996
6071
2653
1954
7747
5663
5768
2384
4583
1369
5119
5903
470
5291
3749
5648
313
9573
1073
9277
3606
4478
138
9450
7837
9981
4305
4635
4570
1842
2635
3380
5755
2249
9557
423
5033
3641
362
6497
2426
8530
9915
5925
9525
2836
3196
666
5453
4293
270
2040
8654
3658
3002
5768
6461
6667
1215
6593
9300
5290
8146
1213
6544
3869
770
5678
133
5211
1169
7591
9494
478
5361
189
2155
1958
662
8512
9323
7303
8554
7636
9426
2985
9898
9587
1304
2310
9182
9737
9576
4804
1397
2041
8331
9272
1272
5690
4679
7928
8830
4134
8931
5396
614
2512
8879
5961
8273
3634
4224
2223
2199
5921
3624
2993
7380
1782
9898
9565
7051
4001
1289
8470
8158
9977
8311
730
7466
4284
8650
9327
2693
2130
6349
3818
5750
4916
9927
8810
560
6965
6553
1613
836
3629
7310
836
7723
3021
7434
1772
5239
6235
4160
3468
9276
1339
8116
1024
316
7975
2372
4177
1855
7124
1289
1665
2417
9550
4362
9003
3527
5373
419
1190
3819
7868
9820
7120
5950
8353
5266
5260
4812
4899
8958
4783
3314
3874
9804
7055
343
950
1133
8772
6406
6233
363
6568
939
3601
6766
6358
991
4847
7985
2716
3611
2202
1074
5295
3713
981
8939
8193
4976
7650
1614
8010
3189
2553
6349
6401
5204
4091
9360
4136
5834
7274
8737
4686
9427
3739
188
9377
8011
6439
3749
1866
2685
4085
5329
3529
1897
5951
8422
6505
6710
8150
7251
7631
9888
3840
1717
2454
4421
2037
4699
5980
3367
1859
638
519
5747
1183
7058
4474
9423
5246
2329
5781
4781
6042
5624
8609
7912
9690
7648
3078
5876
706
9844
8278
2715
1962
869
527
2596
1949
6717
3243
5827
7777
4186
431
6966
5661
7528
1042
5515
7136
7977
114
7535
386
3722
3378
3606
7566
2096
9319
2677
4417
7930
8800
9130
4855
6916
5683
4927
9246
9733
7970
162
2496
4984
4229
1348
9656
8950
7015
4177
708
2057
7076
2847
2990
3465
3489
2239
7088
1685
4837
8936
6754
4240
5105
2574
1095
6100
7624
6407
5169
6980
8285
1078
9666
4086
2148
7561
7163
6468
7900
9728
6017
3654
8110
879
1524
7022
7931
485
9659
4636
7984
9125
6251
1499
2005
4992
7659
5088
2775
9639
8046
1868
3848
334
8479
3395
7317
4697
7665
867
8406
806
608
2359
3792
3044
1316
3426
4856
3815
5487
2328
3691
5541
8937
880
5398
7852
7488
9406
1270
6967
2055
349
5202
3986
5796
3553
7139
4860
2772
8275
7397
5693
5488
5963
1370
643
1192
6282
6801
3934
9241
4684
7156
6622
4624
4613
2584
4980
1649
377
3707
5864
9743
7756
6667
4244
1635
7491
7091
6652
9867
3135
9664
2471
8855
5901
1865
5329
1675
7468
6359
7005
4246
6393
2111
5645
8938
202
7613
8557
387
3701
4167
6605
3963
348
6482
5272
402
7300
2474
4075
6954
6675
511
9886
2225
6047
4411
9962
7386
1412
361
9437
120
6901
7723
5289
6860
7222
4219
2825
6855
5580
5944
1909
898
252
3236
1635
5688
3117
7401
6101
7468
7451
9898
9761
759
284
2553
3738
9026
6148
5888
8972
2504
931
7141
7349
9556
5291
9436
2402
2230
3439
1201
2444
9608
321
400
9477
442
973
1084
5989
5736
3667
8425
2258
6676
6474
5080
5661
9105
5378
1811
8079
2597
2368
7983
6836
1523
2718
9561
4926
9870
1874
7090
2143
4807
4653
3668
4998
2703
363
2143
7504
7356
7499
4508
2214
1893
4369
8917
8794
6108
4850
4955
2566
6106
9273
5844
8792
680
301
9111
9716
5862
9242
7879
5746
7967
9253
5507
2487
5957
8067
1738
9838
5347
4482
9783
898
3326
1284
3791
7227
9221
2337
7746
758
2277
5616
4525
9200
722
1217
6
6391
6797
3434
4842
9226
8209
3670
1609
8214
3384
2666
241
991
9647
1225
1308
1097
2307
3534
2617
6139
4317
6198
2233
4916
9562
446
8854
5523
7351
4253
3016
4741
3103
9192
4819
3035
590
5194
1195
9276
6325
9800
8621
9500
7444
8916
3041
4575
2455
9024
6058
6771
8334
4087
5615
8990
2579
4234
2372
2761
3879
93
4751
4500
6387
1647
1
9287
4875
238
1560
4931
952
3482
8178
5627
354
2792
9889
9731
3681
8209
5907
2919
0
586
6617
1352
9496
6156
4446
2306
449
8337
7759
8038
3266
2369
5909
16
4328
3828
189
2293
7030
7740
1235
517
2115
154
9263
2800
7507
2622
4652
6777
9957
8007
2400
2765
3314
174
7361
304
2027
6634
3581
8269
9541
5946
9003
1930
8037
767
2330
7178
5144
9097
4621
6423
1765
8527
26
8545
8074
8608
9407
2397
2743
2912
349
4332
4180
1284
457
7287
6471
134
7345
3237
4656
1516
2740
9581
7844
4565
8131
7220
9831
9894
2477
6067
2656
8761
6455
9515
6522
2823
5535
5082
8632
3519
6860
728
7402
2021
3708
41
6057
5883
6748
2991
4014
5877
1442
5410
569
1973
8760
2376
9987
70
8366
2806
1461
6563
6833
6250
4338
4162
4699
698
6185
8419
5585
4135
756
5653
7474
6063
6253
6523
8599
3988
2538
9442
8915
8006
4036
564
8617
6718
6061
7211
4752
7713
6765
4320
3016
3403
7045
3185
7708
1210
2347
2182
4086
3173
3378
9149
3995
5568
866
8186
2027
8761
5579
2246
1797
4282
9678
8481
6555
9709
9768
3105
280
963
704
6862
4478
6192
8504
7909
9437
7771
1655
5498
6318
3936
8252
6276
1694
4969
1134
7142
8291
4157
8185
2210
8052
664
8461
7406
2096
5329
978
5010
6922
6191
942
9957
2936
7382
9325
7384
3242
7419
1518
8400
8904
8256
5430
2354
2606
2883
4992
1944
5080
8122
8484
4300
305
6685
2240
747
9484
653
9229
448
7862
8689
7071
4773
9552
5516
5249
7020
1189
9668
4742
7170
9956
4255
7665
7091
2162
3817
861
2300
4561
5392
3670
7941
8605
8532
5570
3371
7117
6704
7939
6590
8856
8776
6414
3756
4509
9443
9062
2935
8304
7835
9344
666
9687
5957
7121
1477
379
5103
3370
5332
8034
6907
1691
6191
299
4220
2864
8435
323
8209
5427
6855
8801
4667
2569
435
329
9268
2755
8206
3538
5156
7836
1056
140
9144
7772
4651
3525
9741
8348
1025
6866
5221
1386
3414
6993
5479
2814
4137
1938
3846
7741
7253
3453
6530
8933
9268
5749
8362
9921
3656
7558
2239
488
4948
825
77
5920
5319
5559
3847
1181
5922
1265
6270
6371
324
8908
4157
2632
1737
383
6483
6978
1584
7835
2964
934
9817
9035
4506
3428
5492
6273
561
71
550
6146
248
7970
9484
5352
8792
4810
3324
5399
8474
1577
4803
3155
9039
7065
6610
1841
8208
4756
3918
3715
7882
1970
4422
5657
2678
8843
449
6949
3346
7544
6075
7023
6849
8062
3574
1465
105
5130
2587
1233
5394
5846
9972
8656
9059
1110
4901
4066
6606
8360
9991
6138
2485
2156
6000
6539
6067
6230
8393
5598
1020
4468
3268
9677
8534
7104
3928
7436
2376
1178
1089
7340
8392
7810
6548
7152
9787
3742
7098
5873
9648
3385
4279
1476
5492
3190
3969
5564
2748
676
8998
4798
3012
6663
3051
7389
6217
1909
7601
1009
7979
7428
1504
9068
3113
7636
6259
7010
1095
3851
6130
4574
5578
6069
5390
7905
3407
6309
5311
4985
8759
2888
3486
4779
7277
1984
4133
4976
2381
754
711
3811
5548
611
5898
4724
6632
9174
1123
5640
9552
8645
9877
4876
2537
2146
6780
6426
4589
1107
3523
7150
8633
1542
3719
5819
755
1529
4553
4541
5112
2441
1537
2374
8954
8459
1174
2426
3107
5249
9369
2521
8187
1052
9989
5727
2023
4299
9744
8328
32
1648
2853
677
645
9206
1215
7323
7413
4672
5019
5849
6935
3589
5597
4639
3214
6395
919
7966
1072
193
9257
8334
1113
1312
2193
6139
8985
9730
956
2709
8642
2430
6864
2109
8712
3288
9788
3282
9198
563
822
9219
590
3985
7299
9238
1744
427
7229
7652
2451
7862
8416
6479
9907
2544
3773
6324
5000
1482
9924
4105
8053
7215
4333
1622
2753
7367
2116
1000
56
8059
8776
6725
8984
5014
1609
663
238
4636
8787
5115
6916
6902
5931
9429
5698
51
6174
935
8015
6792
3026
6020
309
4123
3752
6256
8162
6221
1045
5502
9055
5890
194
6153
6423
6300
8407
6703
6849
1814
3828
6941
5307
9275
2415
2032
1744
8073
4296
7034
7036
5479
7058
1666
9815
8539
8617
8038
6692
6921
4577
1685
2928
6694
7211
4412
2043
9378
3445
8955
2431
1409
9436
1094
2410
8182
555
1378
5428
4437
5426
7234
6807
1561
9515
9053
8611
6259
4354
6812
3779
8456
4530
1959
8048
4344
7229
1263
9432
4893
1043
9455
8491
1037
4456
3731
7188
3053
3983
3032
4937
4461
1791
1598
5328
7010
6628
4022
2118
2038
4625
9773
2573
5898
5131
8589
822
2066
1835
5698
4484
5443
2711
5392
9613
1591
827
9221
7147
2776
4173
606
2836
5757
8704
2995
8931
9963
1996
9656
6195
3308
4856
2257
1848
4854
698
1214
4633
9294
9935
3220
5890
6262
4018
6506
5758
8466
8801
1670
7018
4073
1175
446
3008
5412
7804
7455
3381
1265
6208
937
4240
4333
2302
7100
6051
6087
5694
7106
3134
1650
334
2587
9094
8387
1745
6091
1745
9449
7126
8317
1077
2252
6954
478
3967
9621
9031
5559
2888
9260
1532
8133
8014
1110
1812
845
51
7417
7893
5032
5962
7162
5180
8375
4065
6364
7657
5918
9302
2879
8276
9291
5411
9390
9053
7180
7099
8575
7280
6362
4107
7181
6007
4551
950
7662
650
7348
6561
818
6764
7696
7041
2956
5739
6165
8606
6556
1825
8697
5874
8692
7037
3230
274
5564
9034
9798
2499
5546
4692
5927
9777
2281
9925
7114
8633
8382
276
687
2693
8336
5405
9728
3763
9334
592
2644
414
3215
7946
1319
2298
7219
957
5168
9279
3462
7110
2764
3047
4800
8388
3346
8360
4564
7759
7464
7547
3279
3236
8500
8710
2122
1753
5290
6468
5840
7713
2359
2699
778
3652
3361
3692
9722
6936
8116
2588
2628
7692
9566
3038
5211
9840
4702
611
6488
9894
1930
2983
7220
7269
7801
3517
3205
7044
7862
9235
2812
3162
8907
9518
5243
2811
1886
2854
2883
5617
2584
4871
3677
5267
3935
7523
320
6404
2495
7997
1259
7564
613
5456
4614
8274
2537
6471
1511
5319
4407
38
5775
6533
2474
5488
6652
4751
2981
129
410
5118
2907
8650
377
5540
7315
3380
2247
6789
4188
7401
3958
9337
9459
3565
8381
2704
7537
1738
6693
3126
4685
9238
1325
4963
7198
9054
6281
1198
7697
8739
4316
9917
5778
1194
1637
9026
8740
4052
5224
3360
1670
648
4606
4932
8233
1956
9568
9394
5696
5248
5111
1919
8248
7926
7580
3011
299
2484
1964
683
1080
2956
9465
1507
3089
7987
6695
4541
2798
5770
5370
3364
9709
1430
3640
9919
3588
2469
9036
7965
7217
1582
7438
1563
9140
4158
9035
746
7917
9467
7229
8271
7723
7924
6869
140
2967
8369
3959
1116
9460
8979
4439
7578
8518
8093
5829
3266
1098
1883
4589
7194
6465
4354
8725
3216
5086
1033
7697
1365
2761
162
2733
3010
9002
613
7040
6272
7440
2825
5226
2363
662
3377
8436
1785
716
6668
9350
3909
2603
4549
4409
6282
3158
5026
1506
9131
8645
4181
7980
5420
5104
953
2587
3041
8841
9076
5439
3258
4558
3451
2546
2719
9010
3657
3598
6836
1029
1538
6473
1640
2080
6394
1017
7520
5097
4331
4895
6737
5508
8973
3662
9346
2185
3460
3377
9609
6266
6007
9868
584
8716
3771
7741
9182
3985
2566
4903
7972
7683
7668
2253
4611
5219
8192
2171
2653
2795
2308
3885
8030
4030
8408
5755
2661
1008
770
4730
3160
9317
3626
7517
8232
869
7855
4239
2045
2891
2717
6462
6009
1092
9327
5950
8061
9784
5869
2571
1735
9407
2582
3564
2545
6249
4336
3776
5113
4899
6113
2475
6694
2513
2974
3372
4010
8466
7581
3177
6833
2191
3276
9779
4540
7801
3774
710
3718
5486
853
8517
3885
6162
4689
9945
1138
5454
5236
6964
8473
3904
1147
5843
7861
5149
2498
1487
2663
5982
6753
9911
1063
5330
9026
1447
6348
8089
6698
8206
3866
4037
7121
226
9266
7723
9284
2972
3888
73
1674
9549
9096
1608
8161
8446
4924
757
846
1662
7989
3423
1707
9381
7681
3444
8644
1206
9475
2255
5311
9550
2318
8210
2124
894
5433
4699
6161
2310
912
5640
575
1580
1491
7286
192
1795
7283
5720
1750
4404
2550
5396
7572
3655
24
7537
6030
5518
6603
4483
2212
5208
976
9829
1303
3696
6904
5528
1422
7960
6924
3772
3410
7678
1632
8908
6049
2134
8006
8139
8843
1362
8419
6176
2777
2480
2438
1565
7476
4895
2584
8779
6921
4413
1954
7382
5915
7702
1974
9214
3484
4277
4127
5559
3876
6973
7987
309
9836
4906
1094
7550
666
8688
5488
2316
3177
8627
263
8983
5170
107
578
2781
2906
7360
9006
1226
8760
7274
3816
2082
3243
9671
8844
2768
4347
2334
1446
3585
7268
2713
3048
8292
9668
5625
1290
208
7375
9067
8975
3685
9458
1932
8555
2070
3111
7371
4802
8979
7534
2662
4785
4871
7211
4934
2875
4018
692
300
4732
8069
9234
3153
7240
1033
4472
3065
9586
8501
1190
713
6115
3969
3677
1916
4535
1813
7957
6589
7064
9788
2331
7827
3231
113
9893
6881
2564
8222
8464
561
6609
1877
8876
5507
3635
1206
5006
8217
5055
513
4628
3319
8264
1382
8203
160
9204
3358
7530
132
4304
9400
756
513
892
3098
6536
1151
4362
1267
4983
8809
7377
7352
5089
8355
5453
4388
5535
5817
1361
1775
9772
622
1801
8549
5544
9872
6595
3524
5862
3128
668
6142
5979
7560
8916
2163
3620
681
5437
5599
9215
6295
8123
5663
6935
3946
8108
3318
5188
847
2314
9338
7942
2649
6347
8148
5355
7434
699
4839
8012
1662
6684
695
6887
734
3007
293
4832
1178
6253
179
1246
1189
8430
5149
5263
5803
2405
4377
7883
9766
4661
9314
3448
2889
8844
953
8879
1347
1934
4359
4286
4456
7004
9274
9204
993
7612
2111
9120
5548
3726
9025
8911
3443
3143
7247
5967
167
6439
2492
3614
3257
8815
6181
8317
8884
3474
1116
9843
7069
2406
9485
565
7718
2713
4857
715
5722
4440
6106
2244
1225
6561
6135
3615
4710
828
5343
3166
1125
4349
6740
2264
506
1427
8178
1416
5324
5071
825
3012
4134
4818
207
8169
1028
1105
3702
9769
6958
3437
8648
6508
4957
1332
7067
7029
1892
8384
8586
3364
4205
7720
5229
3623
7984
8689
5603
8195
3697
1831
4762
1473
2142
846
5942
1416
3258
1517
6365
6361
1499
4158
1575
3393
9108
9834
5337
2249
1525
1020
4538
4451
5490
1295
9297
832
9865
8844
7864
9839
8247
5690
4279
5110
7553
1582
5226
8539
3129
8783
1916
6834
9819
801
2366
7565
171
5253
6958
6010
6628
6633
7182
2832
5553
3187
6414
3679
5611
7067
8189
4066
6359
414
5936
4526
145
6820
7139
6442
390
1802
4771
6258
2548
3682
3377
1790
4229
7918
3481
8034
3320
2758
6952
5046
6208
7226
4595
2107
2809
6768
6011
8640
5843
2138
9842
1751
8807
2463
2209
6870
8725
5528
1702
3914
1899
8807
4248
1542
3917
3158
602
7078
3853
9727
2386
5618
5188
2086
1199
5506
2890
4924
1100
4482
1392
4250
9071
5106
9523
5443
1241
1626
9041
8854
7968
4809
387
1553
1784
2168
2751
9595
1925
1718
2221
9945
8121
9252
1222
1066
5860
317
990
7507
940
6634
9281
1703
6620
9629
6136
9701
6957
425
4896
1598
5371
4854
436
7587
8732
2566
5716
4417
3677
7474
128
2261
3110
9418
2729
3946
4683
2098
3432
866
1232
5668
9757
7329
1620
9063
8896
8717
5128
9568
5852
6922
1508
2879
490
6225
24
5183
487
2720
7662
4295
3586
4952
1503
6450
3480
5408
6725
2354
6900
6763
2943
21
3744
7112
2495
79
2540
456
6200
1340
1939
8633
7055
6198
9941
6609
9493
3254
6422
6979
7323
4964
2265
2652
6372
9328
3459
123
8946
7836
8411
6422
1895
1186
782
9647
759
830
456
5937
1267
4112
2148
6009
7421
1657
7442
9992
3013
6832
6237
9203
9308
9475
1907
603
939
7019
3388
5145
4968
9322
7416
7444
7321
8243
9775
7245
7837
1936
6626
1294
3585
329
8277
360
9714
2194
2436
2252
4026
5851
6917
3486
337
331
7745
8693
1907
5119
5737
2317
5583
7146
6209
2353
8470
3490
6006
5570
2811
9441
1140
2537
5698
7963
2512
554
8231
4014
8146
3433
8081
4444
4618
1927
7391
322
2458
3384
1441
750
2027
9190
2692
3067
1576
5337
523
4079
1708
7017
5822
9067
2581
5534
7742
758
2847
6591
2358
5605
2586
3289
8392
4254
899
149
5238
5988
6835
3461
9981
1312
3510
6415
8777
5755
1161
8501
2567
8436
3032
8254
8494
7475
5138
9773
2679
910
8188
7334
9416
1405
3253
6343
2871
6951
7178
9634
9588
9524
1455
4938
2749
1612
9980
8552
5205
9126
7618
4673
2937
2215
6629
3977
7848
9465
8103
2878
9614
823
3465
6639
6820
4157
3868
4201
7996
7055
1512
2242
8417
2291
6125
2864
3650
3898
1229
9161
5882
6800
1663
5705
6225
4566
4860
2353
7376
1058
1783
1693
5055
2350
4455
2252
9567
3986
8779
4357
6792
1708
7579
8324
5380
9571
880
3695
6788
9844
8364
4054
9100
2101
7612
7614
6105
6069
9777
3555
3359
9509
3135
4910
1817
9002
3732
7475
9937
239
7263
2271
9890
4753
5338
126
3184
4255
3448
5906
1401
1597
960
6327
5602
5327
8451
1771
933
7116
8324
8226
8890
5856
8252
2561
8478
496
7204
1237
2243
6473
79
4371
6589
4738
7790
8478
8731
8268
4692
8925
5424
7928
7866
4478
4500
4081
7141
5611
106
3406
8057
7817
1768
7594
5471
4150
5612
2074
7414
8209
5752
8985
8358
1238
9780
9009
1315
5952
6851
667
9922
2814
9425
3129
4041
8475
7187
4262
8150
9515
9208
6667
9205
3187
539
904
9115
6646
9441
5599
3187
7514
1765
3493
6072
644
8370
4008
2188
2982
6414
1560
1569
5454
4978
7865
8431
3957
8118
2440
9102
7300
5562
4167
9307
481
9923
8160
7475
8704
9341
3496
3133
5537
6917
5644
8151
7177
2140
9895
131
6811
5196
1637
3308
6261
2660
3062
6139
3179
5830
8035
9020
8645
4845
904
2350
1082
4936
2719
1699
3357
7650
8896
6903
4678
2512
7769
3630
5324
8269
488
9873
8083
8318
8521
3910
3897
9768
7159
6517
9213
9426
3023
3933
6266
9043
4020
1633
7773
8689
5876
9931
8068
1771
8267
2022
5436
2869
4808
6362
5606
7539
442
6357
6786
4103
3205
4933
2206
9991
232
8663
6689
8853
6336
4921
480
8741
2298
5047
2189
7223
2097
9951
8651
6099
711
1373
4174
4947
8326
888
5946
1717
7042
4863
5054
2189
2209
7375
3675
6267
8963
3277
3490
748
7574
4006
3759
952
3104
5786
6825
7646
3516
4287
4159
1549
1660
4539
1005
8228
7393
6967
6845
3537
1639
9248
9704
9368
385
5389
6242
6433
984
6792
4504
1535
6492
4121
5688
640
7342
1132
2439
8232
4691
2473
4539
4190
8716
8167
7098
4811
5427
1063
2920
6574
3570
6777
2237
1116
1740
3577
2744
4919
4514
9627
4756
1673
9392
6798
3607
4002
9738
1473
7206
9108
6905
3578
9022
3379
1944
6600
2868
4721
5470
3929
3274
4005
9695
3816
5275
5099
5992
9187
3510
7411
2495
6234
6241
4767
9995
7531
3794
4143
7915
4329
2367
4125
8247
7924
4818
7213
6346
1748
6051
4748
3443
5780
7965
6529
3033
1426
1941
2758
8174
3719
6859
3426
9506
4040
8769
8679
6381
4145
5952
1635
9498
3559
460
9388
5998
5196
2006
5940
9881
7758
3083
2438
2365
5897
740
1865
3571
8294
2286
8785
9622
8548
5366
9893
1886
8692
6352
5148
2595
8549
4887
6782
2581
2921
4564
6992
2063
3091
8846
5026
2669
8553
8267
2862
6145
3653
1515
9926
3042
7734
1931
3245
8359
768
4400
7265
997
6038
3974
2156
4318
2761
5195
7568
2229
7713
4782
2057
927
1319
4946
1279
1655
5675
8383
9662
70
3019
6802
3180
9335
1668
825
8499
6390
7000
8538
7306
8923
195
6113
3175
1518
5071
9663
7604
660
2699
7831
581
4129
5978
3004
626
3343
7940
6884
1956
9494
6707
6627
5763
9278
4763
5957
5860
4236
9606
3528
8072
3851
8029
892
7883
922
5773
5821
8244
2559
3332
4824
9372
8926
9554
6815
5313
1074
4580
8830
8536
3150
1590
5358
9655
6521
1252
506
8533
1072
3295
1761
2715
5354
300
6307
4751
9411
774
999
5466
5477
3342
6641
3413
9222
3599
5411
6190
3451
370
7895
8496
3571
4436
7798
1376
2885
6876
4477
7270
3727
7188
1265
120
5450
6391
1507
7708
4436
3790
2116
9275
5898
3296
5387
4158
2301
6790
8964
6522
1164
8185
3663
5625
2610
3975
9235
7660
1499
7939
7595
7680
9326
1236
7450
7419
4160
2249
2549
3879
9619
9239
6622
8352
9116
2153
2937
3758
9289
9199
3897
3064
8467
7219
7770
8179
2954
711
948
7865
4085
7782
5327
6642
6669
6601
1311
8367
9025
5536
4891
9792
4015
6144
7115
4100
1063
2189
9869
4522
3097
1238
4927
5910
1423
1284
8225
7039
7768
4812
2447
780
6064
5485
6840
2713
340
997
9270
5424
1340
8846
5333
4681
9971
969
4031
901
852
2513
5996
9483
2248
183
994
817
2932
3790
2363
9403
2491
8787
3186
6989
9135
3137
2562
9951
2851
8637
9984
1508
3198
5968
7104
140
5678
974
5589
3518
7676
7184
8078
3681
1958
2902
6157
247
8684
2967
7337
107
9034
917
2799
4664
5509
8732
7806
1350
6725
6609
6326
3670
1349
8078
8381
7943
5434
6711
4586
7096
476
7151
7571
7175
3917
8447
585
3307
9378
2063
6536
5415
9177
3039
1866
442
9828
2166
5826
1567
2340
3309
1534
7696
7159
5174
9431
3312
2224
7645
4244
2691
7765
9761
3225
593
7258
4756
4437
7590
8070
2052
4728
848
4424
9028
7781
8518
8980
9641
2192
2581
6810
790
8356
3061
29
9824
7886
499
8861
1991
6212
252
4021
7650
1077
5360
2122
5337
6741
7658
3889
4598
8172
1057
1626
1679
7423
7576
6860
8699
7438
5155
337
6937
5409
6229
9266
9125
8022
7291
3760
3745
1756
1629
5049
2409
8565
5419
9731
2640
4600
9914
7629
9787
4378
5026
8351
2406
7863
7165
6680
5998
1882
1966
8837
1324
3293
9467
2958
6319
2157
8523
697
5138
3548
9244
4788
1885
1804
8334
1115
8143
9523
6510
5875
5941
927
8271
9052
6822
2968
6325
7882
125
585
8629
5760
5195
6087
2825
3487
7895
5862
5307
1064
5444
5979
5936
3289
8964
9145
4061
6792
4699
9921
9353
5657
3560
8137
2767
1550
661
3343
3402
6975
7694
1002
6760
3550
7875
5665
5951
6404
7053
6130
4015
8912
1217
5559
5213
805
8340
6117
4271
2008
4150
7330
90
3686
4181
57
2208
4874
6386
5346
1083
7606
5854
5380
8
2879
6254
1917
7659
5235
2490
5803
2056
2029
4043
6384
6056
7797
4061
7881
5418
894
6790
2850
3492
224
3575
8174
5747
7246
4563
4417
1395
8308
322
6045
63
8763
1732
5371
4899
4395
8676
8696
5615
2909
4566
6148
7155
1192
6454
689
5
3697
9052
9599
7157
2259
8678
1821
7512
9151
6425
306
1872
3272
9942
1411
5526
6301
4121
3011
3765
1899
575
7951
4914
439
7139
9200
3136
7314
8918
5344
7232
3987
1889
5086
2526
7122
4857
2590
9679
8143
761
6249
4569
7919
7167
22
4112
9528
5564
6656
2954
9899
1675
7345
1370
9838
3792
5010
9717
4356
7749
9429
1534
7436
2440
2917
13
5366
8307
8423
5589
904
215
4308
9301
1496
4721
8143
4302
5107
2546
2142
8841
9203
139
3815
9464
6527
1144
4678
9791
3243
8317
1557
9261
2983
8599
6920
1309
2296
8890
7306
9191
9596
6917
597
8037
3612
7343
4809
266
4319
7974
3773
4053
4224
6246
5630
3176
6350
8746
4674
3779
1410
5015
4113
5647
6172
1981
9257
5872
2884
2878
3331
2512
3735
6905
2598
4741
9855
6014
7215
8092
5035
5546
695
8514
3274
9928
9589
8028
6935
3865
175
4132
6372
1989
6299
9927
5395
3523
4947
9555
8345
1030
7922
7956
5185
3244
8319
4061
5345
6393
9488
1357
6304
409
8437
6921
57
1952
1287
2250
97
589
7995
9159
7838
3854
371
3093
2305
4943
3637
5783
5430
6131
6722
1805
6655
8255
4953
4971
890
413
209
2334
9779
26
1965
7287
4320
279
6500
7058
5873
1238
238
1182
2600
8252
3387
3299
8879
2187
7227
7477
7171
4125
7846
3536
878
8174
8680
1094
899
6912
8622
7342
1220
5188
1468
9248
6528
5810
6872
5218
6707
8472
3746
9067
473
5160
8283
9250
2822
6805
7733
2648
7886
6656
1579
9642
110
6483
3808
6545
7843
3095
5041
1633
5833
1500
9269
8571
747
370
9104
919
9793
5478
3752
2743
2082
2495
1748
676
3789
3534
7813
3480
5133
8206
6589
6313
3524
5298
3031
9851
6471
3569
5250
8871
6364
742
5148
3152
5240
4889
3952
1376
4111
4811
7209
4263
6682
2140
2356
7471
7727
9640
2566
7109
1181
3730
1662
7481
7961
4419
2155
940
9088
5688
6662
3236
3765
7528
810
7840
151
1129
3949
5175
6702
6561
7918
8047
3060
3528
4324
1229
7416
5112
1160
7342
8635
4378
1602
7031
3389
41
2757
5284
9340
4272
9804
8433
7537
3210
8945
7340
4381
7282
5729
5137
9778
9247
1322
2465
1079
7464
5206
7003
5818
1686
6169
1271
3210
7278
2550
266
3041
486
8891
8973
8677
4943
5487
9925
1671
8415
5482
493
7379
4158
7454
4061
7010
6218
1416
3509
6149
4816
3945
8191
2526
9878
4666
9759
4529
7800
6721
2706
3239
5781
735
8440
3450
4783
8014
47
5318
5901
1286
804
8264
4444
8468
7069
2233
2048
3488
8411
4430
1911
2335
2124
4886
5128
6185
1407
795
6030
9561
5084
9121
7830
695
5502
5621
1514
7720
9362
6314
6323
2232
9862
7719
9077
7951
2155
5972
1051
7588
7322
2687
7925
9442
697
3775
1630
1386
823
4936
1359
9850
3725
5099
5117
6012
9587
3963
1442
2909
3777
7933
8612
8754
1548
5017
2970
7050
2643
1389
1403
7704
914
7621
4886
885
4506
4835
5552
3869
914
2098
4550
6179
1617
1303
8393
9223
8680
8680
3265
5332
6190
8394
7306
1822
7335
1098
4589
800
6484
3501
4730
5429
9596
4725
5782
7188
8896
1145
63
3750
7494
1947
1150
1503
5120
2477
7581
4069
4734
1065
8483
2704
1485
4969
7363
4373
8401
6156
103
8023
7576
9427
2353
9737
5834
9927
7172
7865
8415
3354
5156
6878
3706
8371
3590
4910
257
2229
9706
3956
317
6437
6294
7742
454
888
4160
110
4358
3783
8236
3723
3900
2168
7514
5470
6460
5340
6470
1699
3428
5694
8580
2398
5259
5376
3582
757
5452
8877
6779
3187
244
4068
3173
9242
9340
6413
2178
7612
8180
9854
4530
8629
1476
603
4631
6687
879
9336
9150
8911
1921
5452
3546
3613
797
3517
8894
9395
7205
4189
2710
6408
2378
6736
4848
484
9637
5666
1465
4420
8979
4098
142
9962
3124
4516
6675
7811
1392
3519
6374
4852
2721
2253
6313
1302
247
9414
1852
5024
5133
5320
5318
4430
4794
987
9294
8873
2329
1988
1327
50
618
8123
9733
7163
4249
7773
1348
7005
1751
8140
6925
9141
519
2947
9988
3215
1429
2891
8664
4110
2852
9052
6158
2010
1101
9039
8822
4844
1347
2497
7435
5470
8004
9382
7769
872
6280
384
482
696
3021
4266
3026
8744
9655
6871
4357
1526
4983
1597
4571
5734
2050
6226
2648
7021
4757
4942
6104
3571
267
9418
2101
4356
9827
5073
3895
3431
9848
6682
6851
409
7571
5508
6860
6031
3782
2189
6294
5517
5206
9767
1982
6535
7821
9009
4760
6635
5959
6986
776
9185
3740
7749
9239
2743
5422
4647
2561
663
3481
7502
3277
8261
1825
5805
9854
5087
6583
2407
8750
3165
9054
9766
910
1910
8909
9085
1160
3373
9236
829
3401
141
2324
4616
5197
8725
5999
1467
8663
6839
6280
8880
5030
9361
2405
7028
7350
462
6192
4147
8497
5953
4296
8620
5409
8880
3481
6799
4293
4464
7145
3541
2160
138
5845
4695
3370
4307
1427
7622
2143
1590
481
164
9064
3957
9168
2237
7786
1401
9899
9817
3268
4658
6001
5367
7616
6109
9988
4149
6956
1838
9660
174
7406
6804
3033
9014
3788
7962
8108
1469
880
1450
9758
9107
5942
3977
1362
7655
980
238
1318
2200
6284
26
5140
4429
5122
2265
8043
8625
5745
5333
3446
3556
9915
2955
2806
6339
4537
71
1266
7863
6405
7621
6599
7101
7433
7078
1348
3060
869
1548
8958
8792
2997
9512
2655
9714
8075
5641
3940
176
8466
3082
483
4458
1276
5128
9694
7358
933
8502
3507
1197
2399
5570
8291
152
2816
925
3242
5561
4925
1754
5983
4617
1508
7714
1454
8662
3615
9860
1179
5809
2520
2095
9456
3333
1346
4482
9441
876
9839
9028
2610
3189
5923
5539
5460
2406
8250
5860
5581
2887
4521
1543
7889
1450
1099
466
4071
6050
2940
9603
5424
7853
4511
1494
9195
5060
7072
6128
6983
8251
2597
5650
2080
9580
8027
5762
7027
9822
9845
1938
5454
9947
5694
9944
9773
4963
1922
6182
8436
1334
3223
4682
1839
8858
8178
8358
4269
7239
626
5212
4645
9515
6662
5342
9085
7870
2332
770
4341
8820
9151
377
4280
4635
6755
1962
5437
3371
6832
3959
5424
8319
8373
4945
4740
7935
801
6960
3147
12
7171
5597
1885
5157
9371
5985
8249
7631
2559
1115
9433
3022
1026
1842
4906
640
5977
5972
7709
7083
9529
1540
963
7200
7059
8252
2905
6704
1691
4217
929
6593
4612
7069
3151
3903
5648
7130
8367
6202
95
93
4337
1693
7980
3748
6374
6299
1268
9379
1317
4445
4305
7778
4126
329
656
5437
1776
9108
7067
7987
4536
4083
5397
5167
3514
9655
9153
6184
554
6575
7906
5517
4692
6918
8844
7952
5209
1754
3628
6412
3078
1307
6236
7135
9026
8203
2465
8508
8898
4592
3092
8967
7659
4708
3457
795
3786
9951
6956
8297
8376
6538
9451
4544
999
8426
448
8776
9622
3548
7579
3138
2735
6756
8257
8562
8259
333
499
2468
1312
5914
2358
7135
9840
1997
3773
6976
7450
1233
9002
7072
3040
3890
100
2031
4864
5597
1354
2488
8492
3626
2626
6806
7888
5229
5877
1810
6847
6841
803
2612
3117
9159
2598
5829
5245
336
8085
1514
6203
365
860
2800
5596
8592
6704
4875
847
4704
4569
3805
8801
660
2483
5448
2950
8636
3279
4038
6393
4181
373
4436
3079
6340
4494
7822
8693
2032
7933
7557
7182
6494
8422
7339
5165
2753
3006
8847
6570
6350
289
2895
2848
4669
7822
1319
6896
2155
8534
5455
36
1831
28
2545
2173
2545
7816
8594
2780
8823
8189
9819
520
7288
2383
6891
5702
5623
1818
2528
7053
1579
2984
6898
2270
6210
6177
6727
4978
7889
4773
1402
7790
3050
6421
1444
6280
196
1117
1945
7628
9718
1017
6829
9484
2374
5671
384
8039
2395
1565
7109
9884
4170
731
8637
5238
6594
8877
9205
4233
8145
784
3512
3349
614
8889
7087
4932
226
7195
9956
5483
167
8797
5024
2708
7738
3625
3311
7578
8889
8706
2522
3597
3958
5420
8015
5988
1993
7326
4426
6695
3470
2029
5930
9135
3514
927
2689
4181
9942
9007
8317
7374
9402
2233
8717
3192
9802
2591
5935
3050
871
2481
3973
9737
4485
1879
1937
7435
7417
6887
7954
108
1661
1843
2898
4188
3286
8287
8419
6673
9869
6958
9494
457
2019
7153
724
9131
7560
3799
6993
52
5140
6831
5121
5291
3084
2395
5482
2426
7626
9701
9957
3442
182
173
3788
1693
7982
5597
2027
3902
8427
3267
8600
647
65
1620
6701
8813
5720
6294
2084
5679
8186
5954
4521
2813
5301
4968
266
462
4398
1179
8835
9008
3215
5839
7257
3232
1396
6795
2920
2192
2764
9618
2992
8750
4173
3270
6353
6403
4519
8100
178
2403
5687
6150
4278
7077
8549
6650
9183
3164
955
3822
2505
8011
4394
9268
1917
7109
3797
978
9354
9575
5387
7290
6550
6468
8743
6453
7574
4728
157
4800
1490
1748
3954
5619
8561
3031
6512
1885
4531
6094
4671
1901
9271
115
8013
7472
9225
6983
7703
1762
7839
4586
5015
3190
2439
3177
3325
3012
4793
1689
913
471
519
6403
1862
6933
9141
2307
2923
2585
5696
9845
945
9017
6002
6094
7025
2075
1121
2891
1142
7723
4900
1901
2620
1624
2981
173
3794
902
3633
6357
9258
514
2796
5207
4062
1875
8093
95
1215
8503
9462
1171
5297
5168
3719
6053
9099
4891
8302
2544
5290
2643
187
2188
5127
86
7910
6801
7372
9617
9571
354
1300
8478
7016
1204
9494
9104
9151
840
3123
1819
1082
4758
4288
5264
1382
8895
6889
6322
4311
5266
8255
3550
2902
8387
5908
8998
1618
2765
6151
9368
4269
7732
3956
3065
6275
1402
6511
3393
6848
2687
5986
915
7600
5161
3552
5779
755
8483
6102
493
7006
8990
8246
4381
6431
5230
6444
2522
221
7932
7319
8731
1236
6157
1849
5741
3966
285
6785
4427
5959
1775
901
8709
6569
2515
2095
4737
3824
6665
2095
1505
2739
816
2946
3090
237
6643
741
2715
120
3043
7271
3160
6879
7538
8251
9332
4474
254
323
194
8265
7378
572
9161
9811
8057
271
6048
9432
288
6776
1516
1940
7024
9325
1594
1798
2387
2472
332
7137
8662
3224
3361
4642
4118
9088
3318
3065
6982
7546
5586
9453
6062
6511
6466
3802
632
5031
4137
4723
3482
7551
7652
5005
2908
8512
9479
2245
9830
7320
9220
1500
7007
2071
5256
4395
6894
8219
7519
6199
4322
6786
9795
5822
3373
9572
7658
6685
2316
9076
5660
8435
1829
8372
7007
5864
5563
7326
6020
8142
4295
4343
1918
1017
2252
2425
8949
7551
7497
1384
9238
7840
5640
4672
4974
5799
6822
5633
6449
3290
8887
5231
3565
177
9087
5196
1725
4604
576
9937
7020
4011
1866
9001
9330
3477
266
3770
8921
781
2374
2099
8553
958
7239
7844
1905
4316
9663
7379
1796
4452
8504
5071
7455
5646
8838
6165
3522
4064
2300
3786
4108
3232
6426
9724
1682
7164
3901
779
2950
5905
9013
7144
9444
3477
985
6726
9310
6161
6417
1681
581
4257
3977
3880
9178
5848
1461
4263
2066
357
98
4846
6671
9341
9302
8714
4576
7480
1090
7565
9408
9050
558
5693
6492
6989
7258
1602
3992
1182
2796
4320
37
5024
5545
3136
635
5804
417
4163
4668
8544
3367
3587
7300
3830
8113
5433
5913
272
4440
475
5966
3044
1737
2339
7779
7415
7651
281
5910
8686
7475
6475
7678
8226
8172
124
2173
9806
7924
4393
2452
8788
3164
3935
1077
7470
5818
3235
968
2677
899
6305
2123
9182
3947
484
572
4462
5160
5706
2340
2736
6109
2431
4464
8921
5946
3675
2000
2650
7044
8872
8356
5739
5634
8457
6811
8171
3631
2394
2828
7519
8565
3776
4779
3273
6013
6830
4297
9930
246
1008
2793
4852
9915
5743
8227
4637
8814
1690
486
6948
7564
7943
5774
6960
500
8628
2184
9405
6653
2217
4781
6410
4523
6157
4807
3909
6496
7642
4221
8193
8962
8900
2756
3375
3513
8604
9614
1388
8582
1823
5332
5459
8634
8196
6436
2005
8791
9063
4324
6177
1171
9772
3209
6763
695
6532
4106
2333
5807
1438
7256
3719
1065
4688
6724
2777
8457
3720
1664
6214
6003
45
4758
9675
9955
1217
2870
9688
1870
7106
7125
7745
3461
2814
8667
3524
8825
1518
1889
7325
5704
6088
3267
5810
9353
2314
8198
5555
2346
3284
4695
5635
536
8886
9944
3947
9256
1563
4971
1981
3286
538
288
1017
17
9706
8873
3097
6136
3537
7451
4975
9939
4516
6185
1815
5050
3979
8302
8290
2386
4644
9939
4172
1680
2546
3179
4953
9343
7978
7750
4509
7379
8770
9890
2815
7757
9660
9657
1123
1057
6673
2971
3230
5699
614
5432
1651
1942
9189
9044
9717
3820
2284
863
7551
9357
6018
1952
3881
1280
327
574
9425
8336
3887
3609
2139
9993
3411
7209
6278
3014
1311
9042
5961
8380
655
7092
7329
3136
8118
5138
7914
6881
9722
3602
3085
3078
3453
2043
6671
3065
1201
8280
7838
4198
7408
7862
4790
7227
9645
6917
2671
2431
9869
7839
4142
6038
6670
2622
4067
5681
647
5753
1268
8040
988
7898
1264
7040
1567
5156
1340
3658
2295
2904
603
9258
898
103
206
472
4530
8494
2790
5328
3430
7043
8567
3376
8046
3395
1420
3592
7012
6760
1254
1496
2076
9365
2526
9662
4607
818
8822
5776
8482
4634
7499
992
2901
4842
2516
9482
7446
2260
5936
8766
4022
9308
567
2017
4696
7927
1304
7017
6690
1167
3908
5191
6135
4246
2503
7877
3996
7679
2317
5844
1616
2563
4074
6944
1881
6266
8000
8104
1411
580
8691
8115
1397
8398
2567
3784
7722
911
7964
9461
351
1043
1407
1916
1531
3131
3429
6375
6710
5238
4035
3745
13
5086
1031
4144
1234
6492
1274
1207
2860
9745
9658
4864
6161
9263
5048
548
9117
323
5584
2243
6905
6514
7951
5314
6915
6178
2853
7273
2175
3713
6406
2776
764
7883
3292
83
9149
6154
6490
2210
9211
8028
8343
8638
2359
1085
9111
1691
4182
2055
4163
1007
690
2614
4902
9657
9812
8823
5410
9850
9190
2118
8554
1193
1423
8426
4134
3115
3183
5316
8522
8488
9523
5621
2857
5555
8563
4606
8561
1698
5504
1591
8779
1677
4598
8617
8409
3585
9854
1990
6704
9810
7492
5979
3584
7002
1185
1015
87
4262
2740
6000
3628
1945
9524
8446
1858
8907
50
6356
9543
2533
4141
8341
3445
1561
204
1900
6754
2886
2063
5513
2413
1679
7622
53
8030
8739
3751
4135
3098
8553
9276
91
1514
1094
2917
6939
3876
6091
2083
5602
5669
173
2714
9923
4064
1345
2087
3647
6016
5828
6386
7775
8888
4690
2563
1000
2502
5794
2501
5933
8356
7068
9771
3358
7869
1100
8173
3401
1023
614
5260
9572
4724
184
1960
193
3953
733
1986
7415
6659
6996
2526
9917
3858
9479
6511
6491
3531
4293
598
1002
876
7637
9433
7815
8211
620
2010
3277
2260
8806
9166
2406
7160
3642
2795
4620
6073
4412
1033
524
6565
9754
7028
7486
3043
2816
9608
20
1017
6447
7543
6755
3443
5021
303
3434
2639
1474
4256
9812
2597
4597
3338
81
8553
8548
9089
1768
4131
2264
1167
8116
2416
2857
4521
9462
774
3045
3448
8230
655
6504
3365
7742
3865
8940
3335
9697
5066
8132
692
6453
748
9747
8647
6444
6429
1365
6389
4406
8839
2872
9844
8011
8793
2796
2033
5327
9864
6136
8871
8145
8753
1962
8681
8410
9134
7972
7452
5902
8115
7689
8728
5669
6085
6859
8492
8962
5522
8529
1802
5861
3029
1518
2643
4509
4708
7904
6319
4121
9335
3579
482
7318
1006
6049
287
2538
920
5512
5859
1805
219
4191
2438
7051
3706
1308
2
6464
9851
786
8275
510
5689
1423
397
646
8306
7674
9347
5069
7371
1845
6091
803
4499
5544
71
7703
6525
1552
4607
9649
9668
5234
3190
1631
8609
7102
8541
4775
5068
3544
146
8164
625
5822
1762
3321
5228
4330
9577
5107
4988
599
7174
7739
639
533
798
7566
1360
6569
6659
5282
8733
950
2053
6002
773
2759
9978
151
954
2101
9394
5367
7064
4384
5373
1901
2057
5457
655
9036
6177
2273
4689
340
423
9604
3022
5227
