2989
2105
1033
7445
1241
9805
2814
4730
8550
9796
7085
7418
3963
7094
7905
6382
8929
4509
165
634
899
4221
321
9932
8222
836
3723
1329
6231
7338
1584
5734
9663
7831
1987
2530
7989
2507
1982
6507
9567
7856
3430
8916
4519
217
9211
8499
7136
8411
7911
9845
3535
3165
9694
9200
6121
1856
5403
5298
5076
8263
4666
7243
7663
6364
8050
5404
1512
417
2332
3701
7228
3943
2356
7769
4814
7315
4966
662
9724
3989
668
5332
2151
3685
5783
1765
1775
157
7285
970
9435
3860
834
4224
5000
9715
5175
3292
9193
1213
5188
4176
5784
2495
6173
312
2351
9595
1314
8163
1549
6402
1432
2506
6863
4509
8462
8991
1770
1094
3101
9234
8069
4724
1240
8213
1013
5940
2413
3611
6820
2177
7488
9382
617
8381
6561
9782
2781
1154
372
7151
4
4761
4170
2654
8044
3772
3348
9876
7692
958
1500
1878
2532
394
3106
1662
1576
3092
4640
3475
9795
4526
4123
9397
5698
6620
6561
7795
9119
3638
30
7311
4685
9930
1743
2451
9309
4829
1851
439
7430
1636
2150
3443
4983
4611
5897
1353
3114
5026
1965
532
106
7722
7381
996
2297
5892
5420
5734
8898
8131
9146
852
4819
1659
1017
1066
6807
1959
7802
9453
9174
3762
6516
6311
1534
1386
3435
1531
4631
2136
5601
3164
8770
8459
9350
2508
117
9399
7751
8865
2901
9620
516
2855
324
9007
492
1229
8894
6210
4038
6107
218
6175
6394
5924
6687
4954
793
7376
8807
8710
9840
3047
6050
1357
4893
3699
8207
4018
390
2938
5376
7808
2198
8163
803
7044
646
4635
2313
6138
7091
9861
207
1800
1804
8998
9446
6467
7078
3520
6065
3240
2429
574
7550
2238
6659
6252
6384
8001
4532
4880
642
8196
677
8600
6077
5956
2251
2466
4375
4282
6274
326
2585
181
2513
4305
7743
369
276
2447
9690
9770
2774
6742
4646
1996
4759
5272
7545
2613
1280
9256
9027
4281
3093
915
2837
8746
7700
7553
4480
6091
2750
4205
4501
1268
9554
369
5988
8442
1114
1617
5206
4159
5194
6182
9002
7473
9764
6283
3761
1095
425
4581
3768
2533
1304
3590
2034
9745
659
9316
3519
6548
6472
5575
2428
926
1862
7692
7573
5958
3577
7297
4761
1975
971
5675
2561
1267
3850
9333
7732
2986
7404
6979
1342
2807
3904
6001
6540
7782
8156
5515
1564
9224
3390
2287
4908
1842
9597
8206
9661
1652
3169
4338
7007
4338
3783
1322
4293
5466
8475
1389
8340
9959
2430
9683
7414
7647
2476
3189
7295
3760
2787
7531
2565
9089
1595
6355
6611
8587
9596
3552
1946
9057
3944
8532
1500
3067
8673
7076
3310
9947
7007
5982
3372
66
9672
8054
6329
4649
3873
7796
2322
5564
2197
1312
1023
4867
8741
1637
1751
1780
3448
1890
8998
516
2499
3450
5245
5449
8514
7235
1423
252
586
36
3309
5917
178
4149
4912
4219
907
9966
3573
4051
3599
8000
194
2098
1736
8155
6935
2593
7098
629
892
8018
8105
6733
627
8685
1204
445
7799
7132
3782
7668
3922
2518
9290
8626
1064
7892
7134
523
8655
1322
1360
7046
5410
1161
4064
7428
1166
3741
7015
410
4786
9296
6825
802
7297
6378
2892
2780
3722
3404
8685
2564
2693
7272
4428
1631
3045
9850
1909
814
6102
4099
70
2668
4991
2067
1018
909
1440
8771
7999
5111
2105
689
4803
4572
5184
8622
3788
8749
4914
3790
2910
234
8698
3302
8059
2733
3433
1961
505
2529
7574
6155
4815
6483
4460
8834
8582
8084
7058
8797
4419
8603
3551
4299
4394
6193
3894
6522
6600
8107
3743
5251
181
3322
222
3043
3340
7878
6279
146
5907
9786
4284
4512
2133
5488
4081
8630
3394
8589
9170
1913
5210
2733
7164
447
5793
1704
1611
5637
4804
1915
3963
494
1092
1379
2244
7206
2756
4203
921
8152
5288
6837
5999
5567
8605
6480
1834
4962
3677
8462
2876
7686
4535
6018
7288
6481
9374
5776
5674
5489
9883
2244
6486
3614
8748
3539
7340
8126
93
2036
4814
8242
8219
4259
3047
7121
4707
6640
6283
8864
8819
3252
8356
4655
4924
2803
9081
8761
5953
2502
4784
5187
7193
9595
1841
296
521
5396
5280
7041
8639
2834
6275
6029
8448
9035
4857
4101
5691
1686
4719
6476
7241
7900
131
5235
4782
1563
8264
3110
2850
6797
2889
2312
9599
8939
1436
4081
8584
2000
8682
6522
8913
7298
4202
4255
1791
4943
799
5677
7153
8337
9624
2543
9625
3251
6078
658
5112
8420
965
8580
2882
8422
1961
8909
5126
9975
7878
3012
2454
8715
4612
7844
6742
1400
3899
4424
9476
5054
8960
2176
817
2002
9509
9202
1672
8582
2387
6293
4434
5268
1364
5692
9643
8683
6133
5361
9599
9024
9833
2898
3876
9027
2308
4629
8544
1429
3059
9879
9601
2607
6508
6962
5164
3190
547
148
5632
3053
4652
252
653
4323
9061
5334
5295
6545
8027
7014
5220
9634
9494
9332
3488
5886
600
3764
4326
5771
6977
622
4755
4311
4048
6884
1507
9148
2725
9060
5595
3804
8105
6120
2287
3335
2315
9182
4385
9132
4363
1906
4127
2987
3765
8838
7052
8867
9316
6720
9438
7869
8046
2577
3993
6248
2476
2561
625
1858
1122
5155
1935
4322
8380
715
2140
4437
684
7458
1623
105
574
69
4410
230
1438
4773
2705
2451
9178
8988
8465
7616
5329
9122
9511
4440
3169
8832
1341
7376
3811
8562
5791
4958
1902
9409
3220
893
6468
6486
3064
9514
7914
1555
9324
2080
4953
1631
9376
7796
3864
4072
4697
1447
2932
1638
2208
8105
5690
5222
8492
9215
4552
5258
965
8994
525
6442
8445
9520
6747
3369
5583
846
4494
3585
9270
5231
6480
3018
2006
2234
4686
5919
8571
9263
4514
4352
6568
6709
8318
6922
9606
9336
8678
2658
1687
1856
5572
1034
4067
7056
7877
8808
5653
6145
6886
8312
1836
2052
1833
3891
5126
5999
2029
1911
4667
6872
8177
9201
5534
8937
7387
5298
1356
470
810
6451
3808
1474
3339
9840
3253
7859
130
6839
2899
1434
7016
4812
1259
8576
5965
9933
9458
1422
3645
6929
2387
7907
9201
4586
777
9785
9029
1600
3488
8252
7284
1272
7281
3057
115
6300
5624
5168
1254
7845
5414
2519
4948
9002
4804
7480
8081
7898
6460
2389
5072
5274
3780
8153
2141
2562
4627
8792
1121
134
7123
9514
3334
7493
8672
9234
9580
9977
6117
3654
5241
333
318
9028
4395
9676
2585
1075
3408
460
5845
8430
5530
8998
7784
9294
4614
1120
6786
3563
9146
3697
4625
2244
9150
634
1953
7655
6241
9547
3088
7535
5377
1388
5644
9319
3258
3373
8207
274
8246
7004
18
6827
6438
6055
6967
9108
404
379
9644
6081
8348
4424
9173
6156
666
8684
8220
704
6219
2522
4957
7240
5290
6872
5108
5216
9589
2805
4734
5432
5954
2861
1323
4905
6705
1699
9815
9601
2211
9939
6500
4431
4029
469
3090
2835
519
9370
7055
6703
2119
5386
1416
284
5244
9258
9128
7180
1295
4823
9097
9538
7920
6185
3912
3958
4107
504
4887
1525
2220
8141
878
8979
9484
5108
905
4763
7920
5908
856
8066
446
2760
1428
7914
3232
4240
6932
8772
2281
350
8345
2616
5932
4127
8469
7890
4809
2091
9570
5536
4830
2089
9611
506
4183
6782
5535
7806
7115
1188
6326
2417
9149
6762
1281
7731
296
4988
3502
3888
9234
3490
5015
8698
9681
2421
1817
1962
4387
6725
2977
5051
7531
789
5108
7253
9890
8717
3765
1452
6504
3263
6677
5211
5017
2653
1681
3536
6673
9399
2301
5170
9061
9245
6386
3120
1773
1215
8175
6846
4723
2320
360
8554
6658
7480
352
1996
8954
2811
7836
3686
520
2657
9958
8207
8757
9984
3312
3387
9022
4864
6157
8912
6824
7282
9954
1328
4345
404
4227
8622
9301
240
2649
4458
871
7229
7120
3436
3957
3799
1991
4511
2223
904
8141
8401
5250
4379
1320
6821
846
3096
2668
5984
6947
6595
7234
5977
7191
2489
6487
5032
8866
8083
5237
1928
4186
4041
2117
6624
265
727
6049
6132
5417
3521
4855
3517
7863
7719
7186
3654
1843
2652
667
6640
605
9716
604
6511
3225
9272
9073
2226
8133
8498
8609
9195
6104
6191
5929
1046
4568
6720
906
7590
2727
8522
6312
4004
9884
7425
1969
7888
3529
635
2546
4083
6465
4880
2580
8957
6194
2977
5704
1007
3464
3406
893
868
1381
2151
1110
4102
3684
1433
9677
1381
8129
4984
2749
7887
5678
4879
4158
9745
2139
6596
6429
6487
7094
1337
9925
1004
8486
7466
567
4411
5051
8481
1235
84
4613
9040
5896
5871
2394
3087
8642
5787
7473
1324
5092
980
9465
38
4101
4826
1569
5525
1598
6936
7601
7542
7470
6865
2655
3716
2618
2120
6515
7342
8175
9765
2527
9737
619
713
2111
7557
9663
15
5018
2708
9074
2101
7323
3317
1074
8007
156
9429
5937
2139
700
6158
8264
8838
3927
3556
8409
8583
740
2845
6367
5781
4391
3366
9586
5005
821
9352
2763
7627
9531
1001
1296
147
1316
559
9185
9231
557
3857
866
6064
2041
8681
9135
5293
641
3653
5304
2671
6637
6617
6542
8171
6327
8356
6708
5177
9472
8124
5200
696
7100
6248
1040
7508
2114
1986
1074
7122
4966
3252
5251
9655
491
1209
481
2857
4007
5857
1235
1833
8444
653
8678
7011
9094
599
9436
54
325
5038
3943
3740
7519
6649
4559
7505
7554
5226
443
3990
7587
2570
5410
3907
2157
2484
7992
4812
3321
4222
8767
405
3734
2789
4635
9055
5431
9081
203
4486
4109
6114
3415
8651
4856
6025
991
1137
4075
7812
5816
9759
8618
5576
3047
9771
4052
3752
1037
9122
8674
6092
8905
2418
2058
509
9199
899
6877
5084
133
1618
871
2338
9899
5851
723
5913
4642
2643
8072
6855
220
8390
7650
2679
5284
4450
3418
1672
510
9632
8712
3683
1051
3151
8113
7356
36
8702
3061
8103
2026
4844
4936
9774
3011
3055
7080
8116
18
3714
239
315
2880
5263
240
8208
3661
5310
125
4065
2985
3093
6554
9851
7719
3968
475
506
2676
5368
8705
889
1248
10
8353
2589
8233
869
9843
9548
9661
5437
4428
370
6999
6068
7048
732
7612
6832
364
6272
6461
4072
9236
8324
4190
3566
8300
9490
7610
4704
980
2885
5548
1304
6415
7150
6324
4513
1900
4036
9249
469
5555
622
9863
9794
3398
7506
734
8220
894
8650
6289
8140
8990
9268
1129
7352
927
8081
6057
8370
6715
1395
5794
6214
1860
6318
434
3322
2774
597
1317
8749
2820
23
2125
5043
9507
4648
7258
1192
5130
199
5759
2858
9581
6990
9356
1282
7073
8647
6063
6205
8756
6557
5112
2386
7002
4717
3299
8140
8871
7613
2810
7816
5679
9860
1260
3043
2789
7226
5512
7942
6028
4117
5071
7526
1320
7554
3204
6189
7443
2252
548
3255
1186
2712
5046
8415
5075
7885
458
1063
417
1419
5543
4368
7623
639
5966
6679
2912
5443
2015
534
1996
6475
4343
9886
8078
3641
1745
6878
7014
6288
2320
4423
7588
7739
7252
2451
9888
2142
286
7892
8228
1596
4752
682
9554
7298
9589
3855
3177
7165
3871
7514
8598
7232
1064
1592
8102
9538
4442
3273
9834
1247
6937
7288
5066
7527
8927
7723
7752
6887
8430
2942
1863
1117
4543
4353
1768
2146
3456
3423
6851
9467
3306
7691
9267
953
872
9052
7291
8453
741
9210
8218
3328
4658
6567
2511
9012
8651
7133
4982
5776
8922
1673
1521
3014
1211
7486
9848
3303
8334
9024
3964
4855
401
9344
85
8111
9046
511
7053
2215
4472
4361
6480
7404
6240
8024
1882
3921
5605
4519
9458
8666
5291
394
5813
9336
9652
6839
2634
4614
8792
789
7590
1519
7089
7353
7858
9444
832
1597
4745
5566
7125
382
1279
3745
6545
2978
2416
1025
1927
404
4520
6223
258
1986
9398
3591
7472
3540
9359
8732
6864
2156
6271
1644
7922
9489
3116
1245
2774
1967
2956
9652
7358
1540
8337
6064
2209
7092
9908
3034
6178
2449
8376
8541
2405
9197
1503
1118
1524
888
957
7171
4859
8931
9696
7396
382
5023
1257
4016
1260
7416
2547
3706
3444
8132
6746
3453
7458
3858
2315
7306
6477
1465
9223
476
3573
9206
3679
3499
3677
9742
8108
8579
2814
4280
1292
8136
1411
3067
4633
3625
551
4817
3992
4505
8962
2835
8912
411
1754
6107
1693
5621
6522
8878
8482
5195
504
9976
906
2455
7360
2633
9485
8373
7577
35
1569
2794
6171
7793
3795
7062
1768
3211
4055
6860
8553
4639
2106
6594
8261
1510
1392
5840
9909
9642
4117
1038
9362
2456
9117
3841
4757
8830
305
4896
3179
1297
4927
1734
593
1462
323
1107
5939
7611
58
4905
2124
9763
4158
7205
7392
724
2346
7485
1288
9354
100
9127
7650
2243
5620
1038
4208
1134
5338
2334
7391
817
5655
3693
4987
940
3408
5107
6010
9810
3300
8723
8123
6024
3513
7871
5415
6916
5203
7622
6372
4577
2190
6294
1878
5186
2276
5565
7274
8314
211
3738
4639
1408
9144
9116
2048
1116
8104
4117
1726
6140
723
2096
621
8967
8012
2821
9136
7787
3304
1186
2961
6659
9982
4644
2173
957
4880
5511
5716
1807
9499
9359
8698
7164
2893
9855
3726
5212
2051
3177
5802
6659
1557
2318
2641
9758
5301
4007
21
9913
4756
7605
5089
11
9867
8758
8773
7598
623
1027
8964
4621
870
5339
9102
9253
1241
2066
1317
316
4770
2450
8656
4869
2845
9477
2085
1392
1603
7437
7233
6854
5784
1899
3438
901
159
6167
5412
6246
9466
3842
5897
3796
3465
3415
5810
5742
2433
4983
3966
8414
1904
5392
2383
6006
3483
9056
3520
9309
5377
9449
2780
5976
9989
4058
9779
6467
8795
2995
7523
306
9789
3417
1319
6065
5202
7877
3612
8385
9629
9568
7790
6259
4745
3589
9090
8119
5701
2536
9640
672
3479
7003
2164
1003
4425
3905
198
6536
3519
6951
8073
1613
3165
9362
1103
8051
5936
102
8319
1973
1335
9970
6776
343
2173
4046
9024
8534
5475
8599
582
8856
8636
7202
9283
8908
4784
3915
7706
9153
5754
2209
899
565
4695
4676
9889
4693
4943
5906
1654
1654
9371
8504
7819
7645
5363
4822
2265
3958
6542
5398
3722
3776
4711
6301
1707
5363
2608
5414
4581
3650
6500
9058
2430
6656
308
83
1583
871
9579
3592
5760
1800
2428
5073
2413
5338
4911
7075
3898
1469
9643
9785
7792
7497
722
167
4997
4152
6987
1403
8095
5446
9005
3369
5127
2722
5599
7912
7936
2813
8816
2352
6519
9199
3858
8753
7841
5410
706
4575
6680
1128
3579
1537
4998
8640
9913
1210
3482
9832
992
5849
6028
2008
6379
1996
9766
1137
1424
538
6936
942
646
9783
9584
4306
8930
5898
9215
50
919
1028
6238
6459
9204
4680
9074
6297
807
1436
6729
3521
4198
6441
5403
6881
339
2777
4635
4932
9127
9015
2214
999
2131
3691
4561
7996
9118
6954
2347
1374
401
4767
3158
742
3951
9751
1848
4872
4028
9119
3531
3707
49
329
2188
2305
7517
6189
3161
3784
3727
1922
8942
660
5091
3442
4000
7558
8383
4165
9616
2246
2709
7246
6183
4530
9348
4219
8386
4023
1022
4462
8456
3819
9792
9683
1412
9102
3965
5534
7688
5535
6249
798
5677
9815
1151
4704
5052
9677
7897
5081
7020
813
3457
6098
102
949
3128
2105
5652
7197
6324
4180
2852
6967
1861
9250
1380
6920
726
9283
2808
3072
49
6796
5355
3928
5488
781
2299
6545
1782
2588
736
4232
7295
789
1301
3174
5706
3554
2986
3396
6611
606
8906
8089
2374
3818
9992
4442
5165
5565
273
314
3142
672
4416
4255
817
3137
4526
6719
691
7683
427
9091
9647
4158
633
4351
4785
442
3609
8221
7594
4394
3583
2849
2669
9791
564
6924
1134
7652
2670
1888
2687
2868
8
9591
8493
4188
5196
8566
218
9874
2638
1047
8509
4780
9385
5036
8443
4785
9740
5052
5460
9058
8826
9740
8253
9979
8833
8110
252
4332
4394
3785
9469
2135
4383
5819
956
5467
7567
7570
3911
2271
1962
5410
5076
58
2241
549
7531
9320
7649
5050
4390
8550
2365
4021
1978
4818
1526
4233
5263
2765
3823
408
8075
3884
4275
9022
128
9344
9890
6736
384
735
4386
726
5702
1748
3669
2974
3456
7805
3005
5865
8390
293
9907
2882
3634
841
4984
3748
9926
119
1244
4797
5691
4535
899
9714
3528
9704
3799
4410
4429
6244
1237
2008
6721
5228
583
9438
8589
6788
9461
9177
843
4200
9097
3640
2758
3482
3382
1721
8508
1118
6525
4216
5523
4161
8504
8106
785
9761
2153
1404
2311
7129
8519
5927
908
5476
77
6931
6453
108
5422
1573
3206
2266
5631
1665
1222
7044
6798
6420
9073
2076
9438
4782
4083
5357
1227
5774
2581
1103
833
4663
4331
8007
416
8863
9475
6664
7871
538
1974
98
6479
8861
2719
4212
1767
4212
9042
4347
6364
9888
3784
8640
9812
9410
2908
1390
6840
6645
8090
7147
5227
6110
2807
319
7643
3732
9885
2164
8520
5540
8088
4557
6784
2338
997
7915
2600
3666
1867
4096
2334
5179
6579
2655
9167
9309
4583
7005
3710
5199
6302
5656
4506
8760
3822
9287
1106
6395
3130
2890
7296
9733
6610
2548
8133
3354
2588
1642
2112
5696
5321
6753
1430
690
5375
6474
2959
6102
1657
7084
9687
5339
2670
7089
7628
2451
6766
3209
9785
4627
2809
4476
5198
2816
6174
3819
861
8744
7550
1473
7033
5138
9065
168
8583
7197
6168
7314
9642
7954
6938
8370
3249
8188
3618
5567
9676
9012
6666
4956
1922
1768
232
1929
667
6750
2712
9842
3902
9100
2362
7469
3112
6545
6597
1853
2730
2007
721
8888
9413
8537
345
4201
4549
3398
6091
8197
151
9253
5472
9930
4265
5211
8235
6690
319
2108
6551
4973
4493
4740
2220
4212
8859
3621
6127
4519
6830
5722
1405
4771
2854
4116
7650
4060
4743
8459
3852
2252
2275
3804
6979
1679
4018
4298
3790
5263
9836
2663
4898
3383
4723
1300
4398
4051
6250
2537
2087
7241
3948
2094
9060
5759
966
67
5533
1829
3432
5316
9412
2410
5964
9253
2460
7012
1290
5036
9593
1545
1288
8134
8231
2558
6102
3324
9805
3496
9419
2406
1635
6259
9038
5842
1619
7329
3761
8091
355
6610
2951
1012
4808
8167
1551
9635
6274
6569
2720
80
7789
8736
4495
9777
648
4149
4748
3498
8451
8911
9109
4109
1203
5426
6548
4571
1002
8698
4718
8213
8208
8449
1564
9276
2072
6748
3496
4018
3706
4585
6276
5437
1118
2348
1428
9889
7019
6674
7520
7802
6349
6940
6551
8686
4582
7083
4787
9272
2563
6298
6491
8446
4860
2413
9782
4781
2764
269
8956
2827
1169
5384
8136
9895
1865
1049
450
734
8702
8243
3644
836
4654
546
743
2602
1549
761
1658
1969
7659
5547
4967
5765
481
4130
5464
7960
6938
9476
3448
2896
782
4831
4515
5514
5915
6888
8235
989
9423
4005
7762
260
7569
448
4381
7232
8667
8979
2777
3569
3400
5083
3225
7922
419
604
3163
8062
3582
1121
4330
1751
3360
8997
7266
6564
3467
2915
9225
4310
2287
8056
3511
1109
3090
4817
9455
8997
1328
1721
3083
596
6928
7970
3166
2679
6012
3143
22
2569
6810
8135
9735
8427
2569
2704
6121
1497
9338
842
7793
9618
6152
758
5426
4156
1575
905
7544
8949
1402
2660
3631
567
7133
6170
5582
1329
4466
6081
8991
2345
1748
9618
3700
9453
1102
8139
1409
7273
7820
4546
2658
8216
5748
3306
9582
7413
7813
6915
7004
1430
4485
6043
9771
6270
6883
7319
2031
6354
1550
3090
4314
9118
1121
3134
6012
101
9582
9762
8802
486
2754
1350
1557
6215
4067
4337
2887
6634
9726
7277
4257
5640
3996
6825
8250
7100
4871
1514
2598
9570
7209
2796
6782
9099
7254
9527
2069
3764
9997
801
6182
7688
4751
19
9681
3804
1384
7118
6270
1252
4649
6256
6152
8474
1211
9986
3638
5301
1185
5962
3010
4634
1738
4703
7624
4459
3657
8522
5527
6060
5398
8235
9808
2269
1064
5760
2818
6420
9071
4678
155
5938
106
3080
7857
5391
8699
5675
1072
1503
3716
6882
6433
5382
7549
802
937
5330
4617
6954
3046
2168
406
5108
363
8403
2480
4314
4948
4870
2551
1237
9345
8994
5481
2560
3124
2889
9889
7870
9139
5924
9627
3504
6149
212
650
5936
5375
1007
3318
4403
1424
233
9474
142
7877
4773
8954
5439
3654
8677
8380
1533
5522
1882
9581
9632
1478
8950
1260
5036
6298
6960
6720
5965
1061
8606
3064
4289
7088
1434
3262
3507
9481
1436
2467
9827
7215
4822
1055
6389
1233
2572
7997
4986
9260
7342
1680
5922
1548
4959
1638
9369
9697
2271
627
5065
3165
2702
6152
2875
1719
4212
9831
4166
8074
3518
9966
6439
5099
5171
1571
2539
4190
6441
4491
5943
1227
4600
7169
3826
2780
3055
4488
7291
8758
1153
3661
7055
4909
8808
9029
1127
7509
8195
6117
5036
9853
6141
7549
5928
9938
4259
9862
4676
1675
9635
1450
2037
7016
2154
9167
5223
4227
4717
849
1860
1499
7195
5
6006
7485
5688
9211
8585
5346
3912
3050
477
853
2700
4937
8176
1475
3533
4867
9723
7708
4656
8523
2283
8923
7356
8843
873
7993
9438
8369
1347
8503
5330
9864
3515
1233
7695
6824
5332
7135
349
6050
1526
2300
540
2867
8907
564
9957
6158
5337
5395
2097
915
2891
6156
6101
8669
3102
7223
4001
9912
2531
8888
1598
7288
9062
8163
451
1748
6290
5055
7007
6661
6222
3482
5237
8086
7360
9147
1930
9718
438
358
9170
1176
5613
4619
5590
4861
4373
4716
3806
5290
1732
1206
6242
1633
5798
7667
1107
9827
7961
204
5137
1845
3560
2526
321
5301
6353
8797
1916
2823
3748
43
5541
9722
4378
2368
1426
8636
360
8068
4804
1657
3398
3082
8167
1749
7450
9720
4166
7994
6539
3270
8681
5088
3292
5828
1812
7420
3282
8827
1594
7893
1836
9871
4052
3760
9131
7320
4960
5571
867
6857
4701
4746
1614
1402
4063
6535
8970
615
1180
9818
6890
5030
8850
6838
5500
7599
54
7567
466
4002
8099
5557
1843
1516
9400
9460
9867
6028
3273
4420
5087
9931
5479
7763
7768
7999
3668
581
9110
5308
3481
5144
7403
9892
2511
8557
2900
7175
5456
5432
5509
8481
6196
2751
5677
2468
4572
4457
282
9280
248
7487
5207
242
5036
6299
2241
9127
8626
1533
2013
9710
8749
430
8771
4054
3451
6926
2750
3156
1737
4641
7293
6772
1848
6423
8530
4700
7531
8990
9111
507
6290
6426
289
1222
1997
9106
8942
7463
5351
7275
7173
3708
7601
9586
3856
4913
4380
2806
9436
286
6519
5892
5699
3642
1313
190
3993
1141
2388
9401
2432
6374
627
9204
6253
5888
6749
9650
9482
3270
3595
3082
4343
9427
2023
1950
8791
3370
5641
2527
1284
5416
7024
6470
3369
1584
770
1835
349
828
4828
4688
799
5517
8508
9724
6807
8473
322
3155
7124
4900
3172
7838
2940
9875
7237
3202
9098
4395
9579
1879
6483
9182
9608
5872
4932
2842
3109
7555
6175
5597
163
2242
8999
9293
7144
1543
3733
6351
1377
6443
3664
4474
8593
3244
952
9699
5048
3865
2754
2700
5601
2014
6455
8296
6084
2436
6513
6281
7721
4538
4533
1692
8554
1389
7702
62
7447
7502
728
9531
9441
998
3634
1703
2852
4257
6309
9727
5004
4651
6208
6790
3370
8715
2294
3501
4983
8965
9977
7782
2640
8681
2348
3995
3253
146
8892
3958
6809
4670
8891
2964
3023
4364
816
6673
7982
4624
7068
33
5114
8265
7032
4175
9857
9104
8114
5341
1170
6724
1862
2008
3525
4564
1973
9841
4053
9563
8653
3852
840
1892
5358
6121
3678
450
3965
3865
321
8670
2386
7316
7269
3474
5155
8168
1066
797
52
9969
3145
2022
3640
5491
7605
7456
6492
790
7331
906
658
4631
6030
1357
1234
1980
3186
9680
7272
9125
2298
5688
5813
7511
9740
1656
6181
5356
7328
6270
5639
107
8435
4648
8384
8919
596
4243
5729
4076
3310
4576
3091
9710
2716
7606
5776
1257
2792
1957
6870
454
9576
8198
2201
8438
3557
8028
8921
2987
9646
8258
6103
1776
7612
4613
8858
2328
3325
5208
8117
2087
7209
9858
9858
4327
6232
5274
7263
8500
8878
3561
6869
7752
6877
9546
1208
2185
8090
5781
434
2082
740
444
8442
8949
3013
1460
7687
813
267
9787
4744
1123
3966
7501
6490
6673
3830
5146
8616
1692
4154
7088
4721
4698
8260
7681
2138
9795
5586
7065
8616
9255
7015
2177
9765
7755
4363
7487
9019
2142
3361
5554
6961
9268
956
3624
9403
7894
7428
9983
2770
4517
8470
977
49
9806
170
601
3912
4772
7246
9674
1344
9836
1237
6428
2565
6127
5958
9375
2322
283
159
3226
7395
6017
309
9544
1345
4399
2073
5970
8468
6785
2473
7773
2173
3524
2860
8857
2780
4214
2237
2653
522
4089
629
4647
5350
2689
319
932
9878
7110
6480
4350
4862
7887
5836
7125
6534
8301
2693
7749
121
3677
648
6393
361
4686
1432
6246
5154
2897
8004
7065
3947
3217
9076
2671
1606
2642
6485
6872
942
9603
6417
681
4212
1890
3285
857
6443
4878
3625
9042
799
5481
1709
8552
7771
100
6736
9648
5271
1441
7782
8666
8862
240
5840
2900
4236
6459
1406
9694
7741
3910
897
7291
398
8653
6033
7500
6835
7471
6356
5203
1863
6104
3217
9970
3680
2295
7409
5051
1182
1275
3006
1467
1813
1989
2018
5418
5354
3256
4254
4508
4955
3488
4274
7959
9583
7590
9084
8370
8315
6766
4930
9645
8386
74
1695
4913
8296
4453
2243
3981
6797
4562
1244
5906
8336
6439
6690
8681
5136
8351
4680
9833
8673
3319
1810
6155
453
7095
2023
7094
8096
8818
1662
1222
53
8931
6805
7858
6131
1874
5557
5156
2355
9511
7791
1594
8848
8292
8070
8639
364
1983
6149
6676
315
242
342
2458
7936
5525
8715
7243
796
6659
6149
4369
4431
4810
2023
7598
5301
726
9590
968
6375
8232
4567
799
1257
3387
3444
5836
1939
3967
3113
72
4788
3789
1724
1389
1249
4622
643
4761
782
7057
4770
6555
7249
9827
7946
7559
9161
6494
4509
8625
1054
5492
1708
824
7890
3032
7202
4302
4780
3423
7922
5482
6215
2211
9834
8447
7555
489
0
2272
9885
1890
6491
3252
5978
2565
1218
5949
8325
3106
2968
7540
2155
5252
4999
6495
8356
3192
4725
9885
5806
3380
7383
7617
8736
1778
5632
1339
3881
1733
7911
7422
9079
8260
1301
4572
1729
1275
4006
1832
9335
1281
9887
1387
6010
6002
5169
8746
6243
4703
4987
265
8407
2427
3608
9920
4720
3202
2551
460
7888
4218
2153
6290
5475
9226
5189
6309
4104
6981
7732
389
6844
5179
9017
5101
5421
1034
90
3257
4619
8958
5763
586
1371
5956
8258
683
2618
9068
3201
5145
9389
7752
6903
4836
7858
9768
7147
6829
242
830
9137
4998
2823
8225
3239
923
4327
5004
3721
2921
7260
2389
3816
5639
7891
9794
6010
1925
7336
2434
227
5749
7068
7011
832
1548
1924
1389
7686
6923
2655
3212
7651
1374
5596
5492
7002
3998
186
3853
4124
1730
2730
822
5604
5666
7114
7759
662
5528
1738
1865
1068
697
1720
7648
4593
80
4032
3101
2185
4277
7478
7390
8094
4761
9911
6486
797
2925
7831
6261
5626
88
8579
480
5258
9568
4816
6971
6684
9852
7468
3378
6768
592
1498
6577
7581
8608
3650
5078
1558
8380
3746
2889
8470
4281
3073
4349
6007
7928
9348
6474
5119
4220
1680
8542
6477
7253
6002
7721
9807
940
4488
4966
3489
5660
6325
6689
4232
9059
7989
3955
1352
7387
3423
9655
7884
8615
9278
5763
2758
4057
408
3147
9217
1639
2240
5554
5535
9048
7585
7539
164
5731
9412
8389
9870
2354
2053
696
3233
7870
1669
1422
30
5468
807
1734
2205
8696
9531
260
8731
4847
760
7817
8973
8989
9263
6690
4756
2959
5467
1530
9002
9271
3289
1255
9030
5526
1510
4941
9484
7502
8599
3040
326
2348
7922
5126
8080
1320
8889
4207
5681
8299
2833
6409
8515
348
4284
82
5313
6690
9501
2283
3450
9300
8928
8594
1908
6014
3322
9116
841
4889
7838
5860
5687
8194
1969
4417
9599
9837
9919
922
1
5886
3727
8115
6801
5566
6828
1787
9922
6661
424
8466
8876
4710
1173
1982
5150
2646
2772
5297
2166
7937
7210
1101
5955
2997
5961
7914
892
2825
2548
6329
5765
8475
753
4861
6206
1331
9951
2721
2237
8383
1785
8079
5648
8773
7438
779
8950
6596
2902
6022
4561
8400
4720
2717
1009
4316
5427
611
6960
4382
9591
7647
9587
1951
8337
9132
9354
8707
1611
5661
281
4038
8987
2235
8585
7102
553
7657
7777
2196
4199
6108
2810
5448
7336
2529
8490
6663
8431
6018
7335
9941
7489
8744
8438
5706
4061
5122
9646
7741
2538
1199
6016
534
3137
2961
2892
8325
8714
4499
2287
1861
567
7862
7172
3415
3626
6047
1735
9983
1169
4343
3256
7465
5313
7293
2818
7057
1259
2773
9093
9508
230
2572
2098
7647
8780
4315
8635
3271
3097
5093
2599
1058
2775
3246
2259
6486
435
2628
7351
2672
1485
6733
8318
4119
8289
6998
7416
3298
8019
9611
2366
6388
866
5541
4874
5283
3294
7815
5242
7691
4194
2391
2015
9362
502
9572
9755
3215
9711
8848
2182
1595
1520
7922
9074
9865
2694
2159
1869
5794
8931
4587
9344
7303
4010
4404
2951
2214
6267
9496
5279
7112
2572
1850
5075
2942
9353
5327
5371
5803
2766
927
5435
7845
5556
8881
5799
8681
9579
7199
3515
9357
2915
6772
9775
523
2494
5759
3117
7780
3106
3079
4431
1712
2507
1738
4147
7741
5137
8013
3157
4456
6217
1145
6580
862
2587
4140
2796
6570
3247
3982
3896
578
8673
6523
9503
1584
4750
4241
9524
7478
1134
4842
676
6891
6475
4151
1151
5368
2430
6381
9298
6590
2919
5570
8563
3323
2588
9891
3082
4030
8937
7068
6060
3619
9825
7827
6262
6833
8402
2325
4912
6345
8332
3751
7717
4388
438
4539
9235
1625
2279
919
2313
6757
6698
1733
1506
111
9295
1862
4413
9843
7107
6985
9590
6873
8821
5237
9578
7960
206
6514
7531
7318
3738
7795
4585
8481
9723
2238
9618
636
3541
1947
3367
9471
3815
4619
1951
1063
8215
8655
5110
9921
5035
7816
3084
6501
4920
570
8087
7317
8480
5730
9674
9185
6685
2168
51
3905
9278
1170
937
8337
6865
1156
1739
742
4788
2802
886
5120
7684
8155
354
6924
8421
4101
3697
2758
321
9306
7610
2950
8165
7761
4751
5726
9924
4111
3818
5285
2233
1665
272
920
874
4939
210
8862
1504
2317
7557
5538
779
9960
3623
1719
5671
6773
6342
6119
2733
5249
347
2118
9641
6993
5360
9483
4119
5860
8320
2389
3955
503
8693
1687
5350
8244
3634
2779
8212
5337
1769
3122
6249
9137
8346
4931
3390
1312
1120
2671
8550
734
3254
5544
9206
705
5251
1987
7972
6649
5490
5076
9473
5731
7235
6747
8046
7573
935
9521
599
8665
2326
4980
5874
1237
5296
6419
250
4114
9216
5006
9682
410
8643
7160
6996
822
1951
4597
2414
7123
255
6306
5353
8788
4075
8838
6633
1613
9232
7324
3791
5882
4318
4583
5380
6121
948
2500
9056
908
3485
1803
3472
9737
6783
7926
3986
5392
857
7388
4360
3370
669
2625
1203
9637
1590
1718
8839
6134
3891
3604
5399
4864
9495
5981
7377
5854
7362
8611
4827
2421
4542
5837
991
9028
4302
5573
6116
1698
3957
9027
4172
9081
2085
7495
5801
8965
8118
67
1091
4892
9549
5806
821
2677
7
691
1444
6146
1325
699
1945
1600
9413
2587
2424
1146
4696
6934
3202
6555
8789
2244
5809
3466
7612
9844
2336
7879
4481
9834
6522
4494
683
9073
1266
8852
4666
7022
5010
1096
996
367
7808
3034
7749
7306
9605
4093
2221
5827
4645
1291
1042
3707
3514
485
5600
7721
1182
9767
8690
6035
2841
1416
7268
6725
7148
8293
9778
7052
2018
7970
9651
4138
1461
4545
7276
1305
1209
3644
9020
48
3201
2495
4471
3138
4269
9191
1243
2393
7142
9833
8728
8722
6278
7759
9951
3112
7049
1483
6179
2440
3588
4593
1423
8156
3600
3716
2255
396
1874
7767
46
5443
4510
5439
8601
9058
5720
27
6432
1643
508
5581
8742
9987
5732
563
4589
7447
9192
918
218
8054
4523
1022
5907
5908
8112
1621
4888
8369
1477
213
1606
6151
8354
189
9664
205
1395
9606
645
4317
4590
4386
3686
587
5029
7803
8391
8782
5304
7252
7255
9371
9664
9473
4432
3523
5403
3013
1481
1362
2866
5215
1828
1710
2140
5512
4308
6381
6666
1241
8251
828
5383
187
7227
2145
883
8543
4307
6513
2159
7387
3503
4929
7313
7740
2890
4612
373
3608
5389
2854
3737
978
6368
4521
6861
1926
4342
3556
6226
4908
6765
7661
7469
905
2509
4767
8532
9313
9422
9661
4121
609
9868
2832
4562
7128
685
1478
4845
745
18
4384
7091
3408
1573
3931
836
2015
4976
4193
359
9636
9456
9403
6730
7248
3256
1500
1136
3713
9079
4468
1547
9260
6351
3469
8419
9519
4905
4663
9984
8170
1003
6426
9003
1608
4079
62
7553
6373
524
3460
9114
2260
1974
6220
1175
5409
9629
1518
3877
9039
7621
6286
5095
350
124
4864
1728
909
1286
9153
3955
3584
9981
726
9053
719
5237
3145
6153
9665
9421
6372
4517
6197
2867
6622
7282
8957
6236
3852
4600
9810
3095
4349
5919
7275
2202
6460
2237
6878
4344
6351
3087
5805
1834
8874
9556
9127
4973
1712
11
8395
3940
283
3360
6801
4276
3525
5346
3614
2027
665
1027
7362
4914
518
9858
5590
2970
1834
4071
2992
3733
2741
7701
4952
4278
1998
8478
406
9984
193
5420
7369
8017
5001
4459
1544
3643
6119
4221
9649
7336
3708
9157
2756
8010
9108
5683
45
7183
7907
759
544
7979
3721
4681
7964
1633
1888
4183
5661
5793
1237
2474
773
2302
7212
8465
6157
6304
7096
7838
3300
1471
118
20
661
8301
943
7084
3117
630
4931
7067
7039
7818
2684
1181
5461
3033
828
399
6510
7816
4703
6052
7901
7057
6755
3454
4939
6671
7451
5822
937
9894
6385
1600
4571
9139
4194
9983
7330
6007
1645
7722
276
1597
2740
4188
9013
5687
330
3075
2050
8777
4983
5102
5815
6382
2445
3873
2251
5373
1513
532
8285
6478
9317
7855
5451
1488
707
5655
9605
1237
5193
5877
5162
5034
6945
3796
9466
3269
5335
6968
3657
7961
4488
7393
1340
60
606
8568
4149
2895
4851
3086
8419
6896
1101
3068
1737
4175
9702
4855
7406
7841
1018
8413
5877
1523
3796
1934
2271
4028
3420
6796
8270
8420
6933
8421
3324
8840
1762
190
9472
1101
1675
9886
3337
9311
9469
7176
3563
7647
9100
1988
2663
7320
5420
1715
3427
7296
999
8046
3164
8073
6961
4888
8837
2154
8234
1068
8373
5530
5951
4036
4085
3865
4384
33
3951
3268
7135
249
5959
4862
4299
1595
1639
9882
2585
1331
8900
4314
9168
8502
1843
9971
1682
682
3761
6879
3179
9443
7003
2876
6383
3507
9388
225
7615
9611
4688
7859
5505
4320
8530
9534
4432
6956
2818
9520
2398
512
7024
248
6222
4569
4992
2630
7064
7981
8093
8083
4067
5970
5457
3343
3667
6033
736
2354
4949
2824
701
4424
489
8092
3534
7101
1461
5236
8250
1292
2982
1871
6504
9894
4372
8735
9776
7993
9569
9364
2035
9732
2115
1033
8927
5243
607
3622
9290
6006
1117
8005
7742
5682
9172
8619
4065
5284
1722
1874
9481
9755
2143
9230
1128
4695
8568
2274
7225
1458
1977
2995
8557
6621
8184
3697
4048
335
225
3045
9314
3323
6971
1061
4434
6803
4392
3649
1905
8777
1
7901
1629
3762
7234
6368
8238
4078
7198
1782
5086
1012
8261
2090
1097
3259
4979
6192
5791
5168
7358
6125
1302
2279
7861
2371
8148
1970
9727
4759
6456
6002
4001
2384
5847
8894
3047
5316
5641
608
9881
9373
9726
1968
8157
7160
3781
1588
4935
8073
7418
7255
1322
1050
9717
2316
5602
7571
3702
3773
2499
8984
2099
72
4709
8402
5264
6787
6058
1020
1581
6531
4576
2461
5488
9490
589
9361
1555
7947
5685
8846
6994
9221
9938
7830
5873
8074
9475
5857
6556
1102
111
7779
5808
4859
8802
5835
6216
4410
4093
7793
5887
7254
5139
725
4802
2787
4175
4841
5771
1290
2304
1441
8489
4825
3043
2654
4031
4878
2548
7519
340
1003
2500
2696
7778
3521
7815
7158
8648
6582
7942
9813
5318
8964
5501
2814
739
9680
5890
2020
6007
6024
5355
2578
8466
199
6039
8887
457
2952
1851
9739
3856
25
8140
2883
5332
2790
7200
2144
8663
6025
2277
4978
9283
2338
9907
7183
949
8457
9425
9884
6794
7519
8382
2137
9345
5591
2042
3997
4806
9366
8033
9606
3242
4471
3253
9189
5050
8759
4886
6900
7442
6897
6416
8944
150
1936
5225
9132
3935
1878
9347
1419
6397
2131
9892
3590
5103
4077
5211
3379
4490
1264
383
3735
1853
5789
99
1692
1292
11
5640
3418
2705
4685
5190
3232
4226
9478
7965
7171
4423
6251
9175
7945
4074
6762
7200
5587
4053
46
4279
7071
20
8890
7356
6378
8485
1383
686
5013
4912
2447
5258
6387
1107
4316
5133
3716
3514
3695
3818
8618
7764
9736
3435
4310
2519
2062
9535
5425
2566
2079
5519
3877
5694
1327
8342
5302
6251
2260
762
8922
6713
772
7147
6680
1785
9350
2585
819
7284
9108
2088
7965
3026
5062
7757
9077
8643
2993
3560
1676
146
1741
958
6825
6008
7455
1602
5696
147
3472
2411
6357
1254
7083
5718
9369
8901
1957
5790
1815
1374
7121
531
5409
9564
1594
9556
761
2675
3681
5671
7469
5797
2840
3064
9117
3866
1180
5726
757
4442
8937
9015
625
8059
8184
6162
444
9378
8516
3095
8890
137
1508
3536
9981
9442
3760
6924
714
4867
7932
1876
6567
8735
5162
9278
698
6831
9155
3209
824
9089
2586
6612
1926
339
8000
3939
9098
5362
6610
5776
5422
8560
9794
3950
2093
2276
7572
3705
5294
6294
8070
1987
6114
654
6974
3413
8553
5340
7938
722
7946
2095
2745
9406
2874
8345
2940
5917
1518
8038
7056
8353
4619
811
3243
4627
9091
4876
4409
6270
7994
8522
4836
1806
2032
4919
7612
1997
96
3267
7705
8504
3935
3870
8989
7658
7562
9426
2617
3828
7459
1137
5463
3770
1407
3547
8245
3241
4455
4902
342
462
6175
826
7061
6441
2142
6298
3275
8169
1988
417
4101
3030
7895
1817
8707
9622
7457
70
7778
1234
3461
1131
7895
5137
3435
1839
9089
8638
9802
6741
1956
7176
4564
7030
5809
9925
9474
2891
2069
2880
6193
4383
6155
8756
3127
5892
427
1401
5273
4088
1218
5934
5291
7203
8702
7813
7285
8602
2273
7530
6884
217
2032
4470
6789
4427
3517
3333
6328
5722
3952
9848
4621
7467
1514
3539
4388
7735
6118
9611
8733
4229
9959
7351
5648
918
7737
1647
1157
4619
7889
3247
3390
9757
3977
2526
7877
280
3493
4105
7075
7485
94
5120
1067
2853
9021
5171
2433
2481
4853
2221
319
9470
9881
806
5842
6112
1598
4709
2966
6950
869
9103
3441
2532
1695
3309
1971
8917
3916
8914
8877
8523
8310
212
334
528
7999
8233
3599
1584
5663
4565
5026
333
394
8696
4933
5301
3174
9257
5608
887
8964
3450
3552
1788
4340
7740
730
368
9715
393
6185
9084
6719
3892
5566
9336
1739
3490
152
1280
8708
8030
9707
1359
7473
4635
1587
1550
2612
8634
6404
8536
9711
2987
895
407
6443
370
5925
314
7238
2827
8379
6559
4664
8185
6563
141
4826
8582
7655
1505
7910
2575
6225
918
6880
2138
7831
2256
8601
4247
6747
52
3476
6612
5152
8157
18
7060
7329
7889
1999
8545
1305
3278
1306
4955
6965
5129
7085
5738
4834
8410
244
2750
9031
959
396
5833
9990
6535
7752
1182
1861
3579
1872
2691
899
857
3210
9866
3803
8759
677
2402
6021
5987
8255
2966
7708
2725
9701
3483
428
5437
901
3027
1134
1356
4374
1576
5178
1040
6262
8748
3579
8305
1875
5565
322
5621
6676
9196
2599
7036
8410
4011
4783
384
2274
2933
335
1075
5446
8039
9796
6756
1130
6631
4519
4831
7281
7066
9750
246
5690
6612
9656
4142
6350
9205
8919
3190
6591
1737
24
5666
5992
4998
8202
4685
3996
4352
3070
84
6472
6234
693
1965
2695
611
1252
9820
690
6215
856
3816
5249
2749
2862
8546
294
805
9135
383
8670
3460
6883
5843
682
6439
7298
4177
2115
9562
925
3059
9198
1386
9565
7693
7615
5175
8226
4607
8510
916
7593
4806
4714
8380
5897
3309
1176
4778
5770
6084
599
896
8993
4828
9150
2098
1788
1438
6138
4299
6291
4940
5312
9823
2242
2134
9275
465
1435
9764
8060
5472
7920
922
113
5296
2870
1616
1491
5886
46
482
1318
6671
3472
7068
7857
4247
2291
1576
6330
6436
3790
7905
3060
5164
9260
5186
6429
5979
2189
4888
7895
4294
7820
627
4384
5752
7865
3650
4177
1214
2650
708
5690
339
1341
9534
3041
8785
2172
1137
1417
7187
6982
6134
2297
9357
2280
3043
9845
1285
5865
9226
7054
7164
9082
7347
2609
7236
7271
6151
5725
3664
7284
9278
4631
3574
140
3110
3529
6689
736
8529
6644
1039
4225
5637
3721
6335
9315
9412
4347
2309
1327
9403
6917
6398
7838
1104
3437
2692
9766
6615
9876
518
2734
9139
5723
5162
6590
2360
8271
8170
3937
9802
6395
7125
4870
585
5719
4928
404
327
7961
2201
2094
7129
6430
4664
5782
9958
695
8206
1111
1537
2069
1083
7909
9469
7956
1447
1481
3054
6081
8260
8352
3311
5843
6687
2169
3119
1635
4441
5368
7995
4991
6527
464
5700
6479
920
4042
2653
7377
4494
9935
2180
6414
6075
2786
980
1916
775
3497
9693
2249
1231
6969
9704
3962
3443
6107
4306
3047
5259
4738
1902
2527
2462
3709
3445
2607
3825
3929
3294
9312
9656
1473
5638
2297
7599
154
2290
497
5235
4943
4521
8627
4348
7511
5246
5039
8603
9198
7417
1443
1754
9509
2601
5065
2222
3248
6450
9424
4591
6731
7557
3541
1265
6572
1307
1296
5259
5463
6088
2874
3454
2708
4503
1640
704
8188
1954
3177
8486
5349
384
3397
8232
8889
8694
5764
7799
4979
6075
651
5568
5106
4495
5449
4955
587
9006
3244
1427
5814
9197
6410
1307
8959
6972
7958
6173
1990
4544
9963
3284
1972
7569
9355
2032
9871
7126
5138
3407
9101
9885
7584
2805
2355
9264
5015
3413
8129
1471
732
5025
4820
582
7070
7555
3716
4466
2287
4247
9251
1482
682
1832
9990
6420
1455
6130
869
2625
3063
9395
215
5794
2484
9886
8231
4345
1464
8446
4717
9933
4340
308
7540
7118
8478
2217
1731
8529
4934
4596
2126
3760
828
157
6807
8069
9822
1592
390
4119
9281
4945
4332
3311
1391
5850
7933
755
5557
474
5285
8725
5693
802
7461
8317
2240
6801
1460
2710
1672
1736
1055
4282
470
6365
4762
8175
3427
9902
8401
8131
4805
5675
1929
3131
1483
2849
2046
5810
2209
3248
5625
2258
7339
2523
7391
8730
513
7963
2578
4440
3540
43
6586
8630
4823
1383
4956
94
6539
5498
2590
7534
7995
6804
3123
7789
3716
4814
4851
7032
9053
5167
1829
5763
1099
8879
3615
5302
2731
2561
6668
5632
3219
1890
529
8624
6396
4806
4824
5961
6782
2129
7003
357
9538
5046
2073
9385
9421
9851
1574
2094
6395
8354
5610
4155
7566
3512
8056
9765
745
6581
3060
7788
4026
2661
4034
7210
1265
776
9434
9001
8523
8131
9483
1001
3884
5964
6171
6469
7393
9166
1039
3160
7459
2252
1719
7832
9226
2621
4662
8962
4343
8461
2213
2756
2746
5483
926
2303
7502
4669
7691
4597
3462
4458
7127
2480
8293
8272
3248
6958
6525
1338
9700
2031
166
7914
5551
7564
8940
1573
1937
3805
2158
7668
7739
5660
4642
8283
9642
7037
5489
4726
4260
5212
2217
6205
7665
8347
9836
1263
6795
842
1277
5311
5221
7903
1031
5328
7654
2477
6527
7439
3266
4926
1723
8994
7676
7316
1187
1169
2715
180
7006
7247
1173
7677
8035
6050
7744
6923
8471
3690
1457
1968
3827
1671
9350
9327
2501
2462
3847
3228
6841
1031
8194
6498
6786
5171
558
1839
3543
1391
4698
1587
26
4492
4088
1316
3877
7435
1218
4356
2293
9530
2641
8434
5787
6131
1669
6468
9354
9768
1591
5154
1408
3944
5729
630
4871
6102
4985
1137
6214
2241
305
7430
9300
9578
3365
7567
2252
4553
8090
7771
450
3291
174
1880
2522
9081
5727
6080
6483
6330
198
2073
6497
3674
2083
1108
131
1815
207
6243
6623
1794
5045
4269
3233
7584
8917
5422
353
8422
8607
6600
5935
1158
2922
45
9854
5989
4913
6236
2276
1839
8249
979
7072
7820
1749
4040
2036
2764
6022
5605
7081
8657
6765
1033
6321
1674
1013
146
7314
2782
3808
5521
3882
9415
2014
9099
8528
6029
8243
9020
249
6828
5502
1193
3110
5332
5056
5226
2968
5797
2791
9939
20
4502
2233
1916
8647
8402
8071
1694
4897
5884
4183
7881
9318
4432
927
7625
1617
1
6679
6714
4336
6065
8699
7881
6553
7022
205
2419
9856
2692
6313
9460
9087
7033
947
4016
4697
5811
9932
3586
1292
7101
8703
6610
4714
623
5727
123
8122
9610
387
8021
3452
9324
5536
7549
6550
6162
2322
9480
3924
350
4543
306
5859
3397
2823
3106
1616
2864
9776
9195
2129
8737
4991
2159
5262
2609
4081
6810
5666
3430
7763
5149
7027
8810
6894
7961
5769
3028
1103
9282
739
2938
9073
8381
9831
6662
3215
434
6692
6689
8817
912
2907
9719
3633
4684
4073
2980
172
829
9136
5223
7128
2755
4341
6448
1934
6410
8838
2301
945
6593
2298
275
3210
5080
8873
572
1218
4138
6396
6858
234
7038
6162
4942
7266
2384
1715
8206
6340
6997
968
1052
5378
3668
7203
6730
443
7116
7730
1559
9349
6367
6047
189
5177
6272
9654
4530
7195
9295
1293
208
9376
2179
5066
2607
8500
5627
1786
9456
1679
2402
2427
7114
6961
7717
6742
1328
604
3513
3448
3793
9134
9215
4252
347
3467
8101
7246
7528
4134
5133
8013
7011
786
7832
2850
9460
7747
7462
7566
2000
7380
8589
5001
7445
8011
4357
6589
8246
1612
6681
8044
4466
6952
8296
8082
6183
7449
6575
6152
1405
1114
3098
3987
3344
9456
925
6078
3630
6138
3522
7797
1554
7413
2687
5153
7587
976
6261
5174
7034
812
3093
3503
5297
969
5540
2263
585
5232
9537
575
5655
9126
3314
2186
342
7085
8956
2659
9358
8385
6963
9021
7019
1250
5650
8117
2025
5775
1643
2691
8257
4633
1070
931
9607
5807
1041
1531
1360
4378
8702
10
1747
4246
6923
9334
4780
6949
126
9985
2227
6041
7973
7237
9914
8071
3534
4866
9427
6429
8266
268
2102
1554
1761
6545
9247
2089
3380
3774
56
8048
9963
5209
1963
7078
8339
842
803
3186
968
422
5727
8321
4224
9024
6218
4677
1710
252
9213
6620
9343
3192
5264
6429
4516
176
3558
6497
4771
3446
1917
9311
3914
5874
1935
8241
9687
2456
326
2098
3576
575
7799
6561
147
2151
5829
31
9882
2745
804
8471
6755
5689
1718
8889
5554
9284
8176
1506
821
2615
5801
4095
8119
9073
3750
5665
4858
2657
6491
7709
8460
7627
2459
695
5197
847
117
6406
7849
1021
7944
9131
2275
4317
5897
5348
3507
8750
8817
6558
2915
2547
3242
4983
2605
1385
4280
8509
907
6527
851
9916
315
5633
5208
4731
8716
283
5380
6946
3957
4944
5561
86
3499
782
5492
6869
1009
9136
3505
284
8976
64
8114
8526
6618
3394
4648
360
6753
5683
6340
9605
5911
2430
8173
3192
259
8508
6040
5625
4197
423
4619
9208
546
6864
6559
8800
1814
9591
139
5673
4923
2870
3818
5587
8200
6460
2377
732
7925
7120
8789
3319
3778
3282
5867
9375
4087
2087
4230
6983
4066
7568
2705
9637
4755
8626
3032
6759
4095
5573
6377
99
6734
3077
7865
6956
6093
8954
5370
9522
3639
2872
9714
8552
560
903
7388
8362
8561
1984
7907
5860
317
1585
2223
8241
5515
1332
8980
1952
1881
5477
9736
8924
5671
208
6079
4926
4814
4430
8957
7624
853
905
7857
4337
1035
3888
3665
3402
8180
2388
7306
361
4286
6979
2711
720
7885
4510
7014
2122
9386
4912
7645
5298
4716
2066
1332
8447
1216
8519
6678
6424
8220
8661
5935
3044
3061
405
8582
6286
7416
9125
611
5648
2200
512
7836
9912
3492
5290
9442
908
1175
6591
8529
8378
2794
8558
6653
9086
4253
1796
1213
5751
7915
4075
6504
3061
6380
7736
7101
6523
4520
1136
3120
8518
2136
289
1537
975
6510
4439
7175
9737
6755
9406
602
6204
3681
9617
3704
6558
7100
2551
5505
6870
1161
9707
6699
2207
6260
9422
6831
8499
6992
3742
1320
8566
9281
5210
8724
5713
6515
3399
6225
6977
2469
6585
2110
1575
5292
2768
3964
184
7645
2891
6410
9029
2695
8407
738
1034
1367
7448
3560
1318
5379
5302
5632
3924
5502
3363
9297
2371
7782
6212
43
1632
6850
3176
4780
8495
7601
3414
7389
7753
1020
7409
7467
980
761
8772
2364
5442
4195
1340
6185
9604
5254
6087
2525
5117
2670
3597
1732
4166
1784
9837
7284
9226
287
6239
7817
1710
6009
5375
1116
2999
3553
5127
2865
8647
2625
8547
4109
6728
797
4380
7488
3923
9802
6229
5484
2472
3029
84
8171
3073
8066
1850
4465
4854
6978
4580
4820
4216
5099
4967
8430
617
594
3302
5956
440
2889
9584
6626
2821
3526
3641
3464
5273
8080
6496
2004
6275
1407
6899
6760
9299
82
5563
4214
2282
4050
5816
3304
1600
4251
8765
8748
7670
272
4052
4490
1873
6351
6519
2020
4983
5236
700
7761
7078
603
2369
5731
706
8590
9801
4704
6827
5366
1949
8509
1461
2935
2406
3476
24
7559
5638
8532
938
2319
6532
3851
8734
2428
2779
4537
7580
2760
2830
3457
6022
4425
8152
3186
1590
6017
6290
3289
6589
8679
9606
2447
6139
23
9309
3738
2742
5919
2888
1463
9361
1808
3693
8716
6381
5679
6764
8822
5199
6753
4760
7239
2364
4497
7579
1208
4970
4791
9996
3120
2520
3068
6908
8340
9825
7343
7229
2108
7084
8726
3653
9200
9868
8449
9764
4738
4445
7552
5677
6060
9912
912
9294
2747
1433
2707
4825
6798
9184
3600
1758
5372
1649
6250
150
4287
9845
6920
713
548
9735
8617
7775
7412
2473
973
6561
8786
132
5755
2821
5856
4969
4227
2343
4118
837
2211
2592
5713
6174
496
58
5830
8392
4212
9331
9657
2328
3431
1819
5356
3298
7064
6605
8393
3986
456
51
5001
5280
8943
7803
1569
7658
4495
4237
2007
5184
9891
8392
1507
2575
3227
1514
2898
4684
6833
7462
6768
2482
2999
5868
8016
3618
2945
7215
498
1774
879
4128
7820
9354
5853
4484
9412
2506
7479
407
171
6721
1828
4946
7672
9088
3781
8282
7971
3436
879
4817
3377
4359
8196
6007
2679
5584
127
9504
1567
776
3061
3942
3335
5103
2282
5109
8409
1967
7159
4287
72
8018
2238
5266
7487
2829
1336
8554
9509
7887
8411
7528
4327
7532
3073
1638
3410
7445
5368
1918
8581
8581
8003
94
5275
1881
7460
4144
839
1189
3292
1505
2472
4315
7174
4110
6218
4815
4843
8429
9452
5746
2603
6341
1508
5996
8709
723
5586
9964
3184
2088
3300
4504
1001
3007
6432
8430
8704
1714
598
9490
2570
5227
8591
7452
4389
6785
4772
5545
4424
58
1165
5760
105
4049
7833
4353
1435
5805
555
4140
4049
1062
5350
9900
5012
5537
1140
6996
4776
5230
2499
1398
251
9673
6661
7924
8585
2114
900
2399
6053
149
97
4278
4341
9643
2563
6446
1561
4986
4553
1378
5640
6482
2
2182
2542
7987
2665
7464
6357
3981
3270
1534
7686
9749
1699
2871
1212
8387
7051
8929
4629
3387
2894
6664
9156
6147
2926
3168
6897
7613
3616
3502
6513
7702
4075
4720
9220
8034
1686
9846
960
1962
3400
5446
1795
3715
3161
1869
4904
2853
4065
9181
1839
1368
9806
9654
4243
5369
3752
2012
6558
9778
3832
8615
7549
5526
9594
6133
7212
6061
8044
2883
9474
993
8894
1154
4383
4769
7301
9851
743
7606
3592
1196
2951
3736
7401
6442
1203
9612
9544
9256
9935
9198
1885
1818
9945
7718
9300
4363
4376
1404
1764
5770
9211
349
3682
6461
6956
1283
4915
8815
7677
9741
4849
2291
5518
5658
8438
8420
5066
9012
5521
7702
4297
4070
9268
395
7513
6280
2900
7711
6605
7175
8906
471
7036
7623
490
3697
9863
9733
3792
5415
7682
5301
9079
1732
9641
2780
2334
6427
8182
2596
7908
5899
4231
3941
8924
5077
553
5810
4506
8989
6442
2501
7413
3833
2
9636
1073
5287
7542
1910
9377
4408
6273
984
3611
7453
4024
1463
8062
8882
1730
4614
2677
182
2691
1770
6904
2241
5791
6996
3620
796
1730
2538
9217
2141
3084
9406
902
5170
3801
3127
2106
664
9587
2174
6059
2851
5021
5965
9732
2807
6783
7854
480
1126
1163
9525
660
5570
687
7527
3643
6936
1346
5096
4924
8603
8639
8595
9602
2980
5074
5102
3683
4908
4340
8724
9349
567
6263
5783
574
5740
6287
7963
455
3016
8252
6630
5927
544
1274
3864
2981
9694
7424
3764
7792
4594
3917
3910
7935
6943
450
7448
4600
7035
6415
4953
3000
4467
9837
6933
7124
6337
668
8444
6939
7345
6009
5854
5277
9115
6582
9009
1790
9892
5594
9511
9787
5566
9243
8312
1047
9236
1830
3212
1251
2163
9895
7902
4712
3875
9476
185
7362
9331
1024
2055
544
1992
897
4392
1731
8996
3416
4194
4309
4036
7778
5367
4628
8660
4547
346
6339
2123
8344
7777
1318
6241
5411
7979
5277
6284
2822
3608
4144
7587
8730
4842
1971
6657
1670
2151
1059
3503
2875
9892
4821
4714
5746
53
1942
2438
5414
7941
5273
5778
3775
2088
2949
9077
3439
7473
9449
9838
7515
8566
8678
9231
5988
9942
8029
8206
7186
2200
8465
1086
8708
5524
2973
5449
6709
1353
4967
5098
221
4050
5614
3264
7019
981
5296
5909
9638
7649
1488
1241
2732
9778
8196
7439
837
2088
8549
2304
5789
9786
6951
6176
7910
802
777
9680
2421
879
6393
3783
4782
7373
1825
4159
3546
4946
8881
5567
361
2089
8179
4003
5227
2384
4633
3838
6733
467
9442
7403
2453
7142
5005
9387
6652
1074
639
2312
5754
910
754
3341
558
7524
5694
471
4269
5312
2789
3595
1035
155
8324
3923
2638
3803
76
3089
4289
2608
2596
4202
7739
9817
9682
9744
3332
268
4424
6905
4240
3002
7782
4001
7672
1623
2787
2266
7518
6596
2757
6632
8932
1902
6546
6601
7976
5281
6016
6038
1339
9705
9910
3795
4871
9939
4902
9595
2977
6497
1811
5282
3614
446
9986
4393
212
2960
1020
4829
3809
4633
8660
7272
736
4679
6869
1374
5471
830
4297
2147
701
2936
9948
8426
4475
6377
2578
9067
1443
3897
1459
9361
6233
1467
5620
976
8378
7914
3892
5960
9589
7630
30
1439
1520
9461
3272
4983
1928
7168
9815
1046
8557
4092
5144
5944
395
9774
2672
2871
5836
3023
3306
249
1983
4730
1910
5545
522
6247
3436
3294
6731
9230
7037
4469
9730
8715
7424
2324
1003
9217
2118
4746
5860
2033
7127
7522
2340
7513
6704
1957
2108
8823
2483
7160
5139
6190
4102
2470
8445
4973
9166
7577
8350
2586
5133
1688
5679
1711
1456
1166
3158
5534
6214
6584
9994
8966
1145
6954
4425
4793
4345
9234
3511
6465
4768
8089
9191
5540
2275
1441
5814
2776
1747
4110
6003
5952
9664
7832
5689
9253
9623
5341
9151
2684
8213
8975
1374
6921
932
4966
8232
5512
4160
381
1731
842
8631
911
1737
6973
3087
6136
119
7037
9246
373
6271
5925
2738
9224
4911
7806
1598
3958
5037
5130
2029
4449
5373
7043
211
5401
6690
7558
1943
8935
9020
2195
1396
5704
6326
453
6010
8203
5932
2038
6244
5956
772
3455
1760
896
7939
82
9211
8138
7523
8831
6037
7204
7902
5863
4318
3296
2563
4663
8446
5397
9823
6772
7109
7156
676
1959
7391
8568
3750
5691
4444
7223
2413
8476
6006
1308
3301
9629
7561
3925
702
541
6445
6354
6730
9294
2323
3658
6024
2370
5786
4519
4913
7259
4376
2423
2904
5667
4014
6146
5850
5985
7046
1143
4817
4776
8949
7919
1761
5263
3109
7377
107
9946
4165
7640
4932
3669
2215
8976
973
9016
7815
5207
8485
4218
1409
6504
2670
8135
6840
5306
1300
2818
4945
2340
1210
6220
9126
1299
4577
1524
6441
1493
4004
9926
1694
3854
8497
7417
9741
1141
6280
8988
9672
998
5883
9542
2133
8188
9944
4217
3233
6642
8658
5073
9485
8438
9231
5022
2979
9660
4870
1138
7871
6696
1999
7784
6097
3785
3670
9460
4478
7094
8775
7269
785
7628
3615
1585
217
6953
3209
7857
2310
8821
4558
3640
4521
2254
7752
6957
9922
552
6594
8923
5966
6910
6671
3280
6540
8239
156
4422
5846
1626
5612
2440
9032
7440
2656
6664
9066
3305
295
7518
4018
3252
3297
913
1157
5560
4058
7711
5668
2902
4466
1492
645
5954
9862
9187
4694
3001
9535
4100
3905
6280
655
5045
3750
5148
9327
2433
8711
7707
6596
8254
4920
1924
3766
7593
9704
4323
4526
7674
6171
3642
9090
7966
8393
5353
4372
1999
9635
1400
9310
2634
7793
1915
9997
8698
3841
3746
4806
1618
4727
3034
480
1836
4655
6777
2146
5951
9932
9771
6435
7559
8048
9738
9181
6672
6216
3330
3607
9322
5451
3253
1642
4395
1212
7422
1826
8595
4780
1935
1934
6341
9239
8282
5305
9261
4759
6705
7888
2695
7551
4298
3442
6077
5433
8010
8094
1725
4259
3830
6249
8
4755
2765
5921
5481
2095
2470
9635
7157
1949
4631
9802
4698
3431
6637
5888
1375
8793
1796
4927
624
8370
5890
8901
877
1861
8467
4752
7732
5043
1728
976
7988
6051
3890
217
1160
2777
7212
8411
1831
5400
7905
1865
2581
5666
5541
3321
5080
9347
8263
774
966
6309
7199
5989
2035
65
715
8430
6527
7264
6931
3715
7410
4783
4904
6892
9646
438
2754
528
6464
5454
9214
7526
8532
3680
3262
8674
1436
3786
5012
9161
6798
4345
7094
1381
5074
7889
5068
9884
4613
1722
8867
9164
3195
5260
4609
2561
6656
3613
1253
4127
6848
464
6198
6200
818
402
7167
3332
5201
6737
8053
1653
7838
3897
5252
3091
5188
4899
5456
4568
2257
8747
438
5878
5587
377
5980
9358
1421
7271
2684
9543
175
1873
877
9632
975
9578
7991
8083
7809
5728
5506
6666
1342
2829
9026
3982
4822
4078
9523
5304
3051
2525
6195
9911
7390
2226
8674
9754
7843
1279
9538
8890
6081
9894
8358
8974
6127
9670
2331
8672
7369
3696
1131
7023
7322
4552
4690
4637
3484
6614
7106
6660
9724
1910
1977
5851
1372
2905
3590
2280
6313
663
777
4305
6931
1397
7176
8205
1674
