365
5485
828
6647
9711
9832
2407
3006
1997
6076
5736
6868
6084
40
8754
351
5249
3587
4860
6675
2738
5015
682
7479
960
4346
237
6687
6936
4093
4666
6882
2299
6823
1315
561
1681
7327
8357
5479
8877
2043
5674
7715
3395
5345
8963
12
2486
9016
5347
6857
6882
7377
3472
9522
6825
9503
9037
8684
931
1309
7311
3686
9924
150
4320
4572
5645
6447
6695
90
63
6703
2533
5613
4841
44
5046
5377
3919
652
8782
4921
4522
5177
4598
9848
3829
8483
9329
4288
7085
1473
364
5465
2475
2768
8880
2602
4624
1652
2900
3576
7286
8615
3729
5667
7689
2606
8187
4758
7891
5306
5809
1963
113
9924
932
3368
3829
2500
9340
2045
6359
5183
9643
4747
1000
9352
2590
317
6203
7889
8116
5296
3745
5266
6670
2361
5121
6745
622
4258
29
2357
3175
8336
7744
8672
7492
1560
5638
389
3752
10
3219
6334
6418
393
7781
2210
8623
5041
2523
6076
8707
3709
7407
9822
8791
4604
5897
4858
4160
5802
7427
2130
3929
6401
9939
5903
5077
5743
2778
7203
3988
6200
9301
2664
3577
6184
1096
7906
9019
8109
8427
3541
1877
737
5709
4983
6684
1098
4302
8148
8513
3282
7448
5407
7411
2036
4147
2521
2838
3614
8423
9719
6393
9260
6823
3468
8970
9858
736
5034
8719
6744
7691
525
2043
5199
8116
6877
4714
7561
9414
9060
8004
8183
5533
2592
7493
8070
9217
7627
7866
5403
965
8748
6797
3860
8139
5893
6604
8327
1689
3053
5562
7134
4001
3227
3388
935
6972
9020
9854
9556
1475
9491
9365
7627
9073
1618
9547
6201
4292
4869
4953
7640
7549
4056
1353
8127
4819
734
7951
160
6113
7769
3410
8900
3487
3943
7579
5861
2500
9725
3313
2253
7060
7875
7048
8288
34
5142
4436
8065
7098
6843
8182
6128
1577
4401
1716
4244
2815
5119
9477
4615
1115
520
3235
1218
6328
8684
8795
8447
9145
4627
6050
117
4229
8821
7511
3866
9402
7257
1324
3437
5239
3034
7570
5650
5055
9897
7471
3456
9127
7782
9233
464
748
7831
6192
3099
7817
4917
4438
6219
8971
7931
7334
8336
5849
3976
2217
4654
6949
4177
3713
1682
8033
2956
1046
4568
8537
4263
47
5608
1165
262
1404
4667
9009
2435
2461
2460
9452
1211
8345
9083
5244
2283
1664
3499
8506
81
9034
8366
3694
3737
9656
5571
936
6350
4695
7818
8915
1361
6450
5369
8441
1808
415
2257
6216
7207
78
2327
1245
9876
3359
7205
3213
547
3819
4449
9988
9977
6045
5386
9836
1595
8444
8546
1647
9872
6811
9031
8711
2363
7339
7959
8046
4685
8681
4489
5212
9426
274
4619
4855
6440
3202
3418
2665
969
4256
2819
8658
7124
5425
878
2483
5939
8497
7781
507
7949
9240
9057
6858
2946
7210
5721
61
3596
6700
1823
6549
7652
4147
4455
9215
7448
157
6006
1386
8
224
1848
692
1983
2999
9172
798
8480
6622
1590
1564
4778
2663
3157
2673
6437
8985
7909
2409
6851
8581
7035
4103
9143
9907
5358
3383
8202
8918
5824
1817
9173
6107
3410
9326
8099
689
311
2360
7255
8261
2427
5130
8424
457
4277
3635
6586
4049
5086
6228
6073
2075
3907
7937
364
6494
3234
6326
1711
8368
9607
558
4820
9392
8438
5752
3860
8469
4102
3431
7958
7162
9206
722
5705
3885
3563
7320
2636
7139
5754
2140
860
5858
3493
1021
9564
7510
3257
3971
7283
1376
1821
899
217
2579
9295
7603
9813
6458
2017
5030
7027
339
4694
7182
4712
9111
8101
4491
7594
5742
7649
2027
1973
1835
7396
1633
5047
7148
2568
5488
3462
7530
1018
4558
7336
3777
5013
3160
7610
5580
1052
4200
138
3006
5330
8663
8055
5225
43
559
3573
9804
2551
1211
7174
129
1764
8000
2327
8165
424
3105
9872
5271
4048
5446
9911
9194
9596
6646
1827
7151
4456
8828
3081
5451
6155
6915
7852
2821
9855
4191
4431
8228
6766
2592
1730
5491
4345
4872
3584
1504
3066
778
5800
6599
6642
4652
7392
571
8866
7160
3619
7080
8239
777
5210
4251
4280
302
9517
8461
1333
6948
9335
684
4022
383
7286
4460
5293
216
7125
5858
1942
2191
23
4208
8735
1072
5076
1237
8498
1206
121
427
7516
4218
6299
4933
5985
6472
3802
9839
4486
6667
8234
2797
4540
3222
235
8676
1240
7110
6779
4251
8815
4870
9816
7815
97
6870
7758
4186
6915
9275
2009
5743
3702
4543
4725
6002
4188
2336
8487
3030
5539
2124
9690
6804
4848
9649
7130
4942
9980
3056
6071
5309
4786
3806
929
6118
8412
4608
1669
778
7131
5999
2217
4318
8899
6651
7662
4869
1526
3240
9923
523
6073
2673
2533
455
2165
2238
8118
6122
8685
80
7564
9686
750
2976
2767
7355
5701
2896
3149
7894
9295
5387
5008
4462
9252
2034
1236
2421
4080
8048
1781
9794
9883
1915
7530
778
5392
6607
7339
3932
6515
7555
4252
1692
9441
984
224
2022
9207
3718
9894
4612
7851
3150
3782
5050
9974
1706
4237
2937
702
7219
4349
6278
9451
1530
942
2170
3085
6029
7788
9102
3402
8392
6690
8195
5206
6194
1372
5990
1765
3709
4208
8181
1385
4834
6475
6752
1896
6493
5488
1421
8516
5348
5635
1302
5074
8296
6120
6932
1008
6080
2392
9473
4853
2894
6118
2299
7668
4013
242
1398
3769
6586
3399
3575
7802
4128
8322
273
3592
6503
6948
172
5874
9776
3634
2995
2296
2811
6070
6254
6597
7048
6210
8213
252
331
617
3615
1571
2715
2848
3663
1236
4275
4521
1001
5022
5066
8451
9598
1976
4236
7517
3403
4170
4677
268
7853
3463
1673
7273
9714
8942
120
887
947
1048
1206
2826
8467
5502
4549
9195
6694
6172
2878
9820
2237
8652
3358
7693
3871
5426
4528
2434
1909
6929
1573
5255
7979
4622
3327
1066
1431
1732
7142
4388
5417
2990
3226
5275
5356
805
8293
3270
6159
9063
401
9450
8434
2126
9220
8738
7513
4930
7972
6100
2679
6543
8773
8169
6967
5168
9937
3976
8679
6787
6744
7121
527
9039
883
5219
7124
2629
8182
900
5023
8905
1261
6031
5815
1772
6576
2567
4241
3922
6628
4926
2200
5741
3365
2592
8609
5692
6211
874
8279
5310
3477
4807
9806
8196
2822
8721
8598
8733
3907
6090
335
4117
2157
2548
67
3081
1120
1783
703
9172
3833
9147
1311
7589
7988
549
4285
1644
463
9238
6495
236
3794
4245
7398
8638
868
7879
7475
7185
3889
3558
6320
2632
2586
3197
7625
975
9125
8074
2658
8053
6114
9754
7584
9662
3364
4062
2330
571
2077
2829
4176
1899
1567
7771
4101
7177
4348
1894
9895
2523
3647
3483
9373
7295
1876
8948
7241
2301
1889
6224
7116
734
9181
7668
9467
7156
4328
9460
5690
1839
3668
4789
8251
5451
2173
2727
5902
1603
275
4097
514
8472
4260
8400
2929
2143
545
5679
1591
4114
5360
9433
4368
7759
8171
6249
6546
9936
9882
8560
1701
1512
285
390
3351
2866
4138
453
5581
2003
3865
1837
8373
9065
6717
3006
2003
6066
1164
4233
3952
5707
5123
6359
7371
4615
7635
9961
8179
621
2890
9470
4548
7025
3302
3302
6398
9929
6943
9773
6430
3377
1254
8040
646
5103
4383
6438
2900
63
2981
5265
4469
2103
1034
6496
3815
3131
432
9587
7829
4216
8192
9629
5317
751
6461
4446
175
3664
3534
6179
1860
6922
318
7791
6706
8941
2364
2568
1832
2702
265
6245
4492
128
967
6966
6861
4907
5865
5771
9711
8822
8271
9496
2929
6317
8569
794
1718
5229
7936
1454
8837
9799
7204
9355
3890
9048
531
4044
7782
2241
8669
9261
6148
9211
8541
1098
2906
2550
417
3827
7164
7483
4813
1637
8093
2221
9134
6883
2200
1583
4496
6171
1395
5737
6875
4109
9318
1516
243
1741
3312
628
6602
6079
3988
2231
38
5406
6564
7023
4483
4794
5612
1176
6244
3977
9530
7242
7296
9913
1645
139
5850
6636
5213
4928
4269
4389
3689
4735
9604
341
3290
3923
269
8567
9064
8368
7535
1111
6977
1785
5569
5569
662
127
3186
5500
3433
8082
7218
9414
6071
7666
7313
1394
1380
2282
5781
4292
7210
8293
5304
3795
1961
2806
8379
8167
9486
3901
8407
29
8237
7743
7114
7622
7118
4402
2138
8952
4064
3024
7998
2968
9434
6111
9649
5024
1425
399
5222
9959
805
1789
8900
5437
6204
9304
8702
5941
6393
3762
9333
6259
5496
4810
8394
2208
4151
7928
7894
2081
3521
8193
3804
1660
7388
8320
8981
5013
3200
8888
5808
5597
5099
7587
4217
1377
9895
8582
7739
4540
3584
1910
627
8230
6162
2804
3042
6954
8531
142
1681
4100
4782
4290
7129
9392
1470
7044
1156
3002
7180
6160
7476
1272
2616
8287
3866
2543
2683
9770
8733
2442
9259
1950
5492
6770
5536
9260
5018
705
6358
4866
3676
9907
7780
7308
8728
9278
9333
6936
7351
2539
940
8442
9282
2474
9246
5856
2007
7891
8685
8917
4797
9146
7015
317
7418
5218
2582
8189
7472
552
2333
5267
7951
9437
6814
468
8528
9574
7422
1286
5459
9917
5596
7710
2768
6964
7793
6555
2161
471
6577
5108
8530
9038
7677
44
7915
7839
9182
4598
5277
1543
9477
1672
9470
8661
1908
6699
7153
2877
4151
1234
1615
3764
6696
3733
1907
8121
5006
2075
5805
1477
9032
7236
3316
1281
2152
9886
5009
9321
8548
3244
4435
2218
4194
4010
7962
1111
1375
8002
1939
9106
9076
3014
3065
4074
9370
8786
9564
1184
2396
7489
9962
6032
5367
796
5230
8032
8806
5857
1151
7971
1264
6106
446
7342
1003
2732
9007
8396
2963
8970
2715
6101
823
4610
2480
4661
5049
7264
4354
5621
8708
3859
2959
4130
7892
3999
6883
8354
4680
3062
2184
6866
7060
9255
1797
6559
4995
5597
1289
2034
4764
919
4695
4121
1513
3370
1885
7414
372
9525
7418
390
3154
9891
6276
2579
5296
6853
8715
6633
7155
9598
2070
1642
3101
7445
8887
3718
1673
5997
8188
9022
3261
8477
8558
9107
4032
7913
982
7759
3011
2238
6487
2292
2144
7794
3273
5261
9153
6417
9536
6584
9425
1017
3446
610
1419
2295
9903
1021
7329
6106
8310
9145
1229
7245
6205
129
1831
4882
7667
5667
633
3518
715
7086
6310
5755
2616
7555
5080
4247
8493
2286
2250
9436
3067
6816
875
7801
6590
2127
8717
7962
1134
971
6980
7088
7719
9565
9475
1138
3989
2127
6783
4763
4403
8300
3263
9655
9162
8243
5908
5819
1511
6582
1186
5997
5776
8047
2520
6217
4922
6480
3828
4234
6401
1567
6107
4896
389
7418
4314
5617
9065
163
2829
2698
5360
4148
3840
1878
2895
8593
4344
793
1626
5503
5024
7424
4999
5122
2842
4717
9015
6873
7529
1226
9347
3808
6631
1948
9974
4512
6387
6749
2213
6782
6213
7657
994
1246
4973
8052
4420
3827
4133
2900
1507
5446
9551
1369
2556
6699
4886
2904
3777
5918
457
75
2795
953
1088
4454
4648
6069
646
9529
8254
6419
3175
5102
4892
1199
4238
597
2246
5385
8999
9448
4543
3174
3645
6011
6607
9859
8062
8234
3564
4546
7229
5392
7451
2338
5587
4248
9108
3996
9013
1015
9874
9106
6162
523
1018
6325
8896
6738
2234
4887
8367
682
4305
6722
3836
6109
7326
1572
1843
1461
7703
9577
5133
9184
3371
8023
853
2202
8040
1696
2825
1276
3189
8907
5620
6355
1688
5658
9310
7484
2504
3846
1276
3988
7352
9164
6288
2345
8256
9714
8150
1460
3431
4107
8234
3113
4676
3789
2526
9090
369
4527
8805
2687
9952
4077
5828
5013
1954
2156
4575
873
3189
1001
8898
6099
5802
1713
739
2195
8089
9399
1608
351
623
9990
2988
7851
6430
2032
9168
7465
7616
7305
7208
6373
4331
217
9320
6806
4828
5229
7917
9767
2575
2181
3914
2706
7985
6693
6996
1561
6178
7899
6302
305
8825
8520
4922
2303
3971
7168
7294
5036
7941
9337
4357
6313
2004
670
4278
5558
8203
8437
9953
9184
1897
8679
7390
9847
6998
6291
2990
3491
8330
6943
2643
9607
5158
2409
4870
3940
6799
6092
8834
2847
8295
7271
155
2877
3390
9
4442
4591
9553
7355
7377
991
8060
8423
8788
9011
3214
5646
8896
4426
1344
1888
3759
9925
4149
3001
72
7242
7784
7072
9980
2442
8755
5497
4407
2384
4440
7561
51
4964
6300
8503
8273
151
5316
3223
4832
4594
2618
9359
4477
7202
3972
7815
8714
8085
3199
4842
8874
1066
2204
9018
4428
243
7955
7891
6597
2506
9773
2438
3221
4985
9411
1965
322
7981
6846
6012
4091
9542
6680
5200
6172
1521
9253
9692
6336
4984
5231
2176
7801
9191
3229
1001
9068
8312
7034
3163
8865
8634
5050
7378
2802
3014
390
9206
1549
3651
4778
3521
9389
3181
8249
5416
310
4126
3624
1090
6769
6642
7385
4432
6429
6818
5360
4636
5972
3413
5757
82
1663
7357
1067
5627
1693
9483
8934
7239
5472
5458
7693
5215
6632
6017
7298
7658
1943
4048
3608
6290
330
9697
2872
3078
9442
6975
1167
3914
8056
7541
7496
2888
5001
170
4558
3452
1953
7908
310
8795
6558
7156
50
8577
5532
7970
9993
9547
7996
2178
8334
2464
7890
2073
6078
3030
5258
1235
6480
1114
7595
6695
5211
208
4429
2774
8542
942
1768
3170
5429
7457
5623
6320
4365
1496
7977
4981
4794
4704
1477
5504
4454
3511
8909
4963
4892
5509
6667
626
3824
820
3352
2951
2702
4325
7145
7866
6243
8011
5826
2764
7984
2284
4493
7975
488
6352
3262
5285
9227
2358
8458
4384
3682
2582
7418
3268
481
991
380
8101
9029
3904
5543
2677
6860
7711
6464
524
2936
9835
4532
8870
3067
1256
4393
781
2466
1109
4869
2027
943
1146
9650
6085
5721
2411
1309
6330
7716
589
3673
961
9085
3930
1623
8872
5104
4813
8339
304
8248
3459
9051
5110
4205
5
533
5953
6969
6233
4396
9493
1742
3963
7794
2191
2684
3431
2094
7992
284
2530
6959
4888
3455
7330
6797
3449
9951
7353
9743
1556
3711
9280
4609
4812
7920
361
2122
8965
7908
6630
3732
6059
6620
6061
9567
6718
3743
7957
7733
5370
6774
1313
8084
736
1075
9023
775
3412
3818
7624
4196
4288
7795
9964
9278
1497
2665
448
6161
4131
8383
9416
7994
3534
7999
1754
2732
9348
3373
87
473
2741
8856
185
9296
9298
2706
1555
8298
3630
9710
6785
8755
6861
5375
8538
4149
5239
5021
3379
4590
1511
7465
6932
5917
1369
9247
4724
3884
9093
1195
947
226
6358
1050
6222
3734
9834
9271
1203
1381
7610
4156
1535
1296
116
4102
3963
8262
6129
5746
7224
3598
1965
6100
3978
764
1327
4269
4928
6058
4731
3263
3233
6563
2922
3052
3596
8807
7188
9040
649
7229
2080
6899
8645
3515
7615
1725
4976
6731
4482
8129
7621
8376
4991
1710
9944
7570
2900
9416
3181
8353
7167
3841
2527
2950
2832
7230
5427
1846
2075
799
8327
2171
5066
3916
8015
1467
2690
4785
3272
8700
3140
1171
1967
6991
2166
2672
547
9749
9088
8724
2545
3490
4290
3613
4376
6675
1203
9876
5004
2318
4920
9488
2627
5050
1412
7830
4803
4157
6728
8252
8624
430
1817
2550
8683
8468
5197
6991
2747
6588
3088
8840
9407
6938
8278
1944
9001
6033
8433
4100
3033
1011
5124
2288
5307
8726
9395
8831
441
4902
1473
6094
3368
7209
7045
4386
2553
5249
4090
3571
9800
118
9883
8737
1928
9213
4464
2350
2372
7227
1796
784
9573
5618
2413
3954
4164
4401
3115
1667
9556
9234
4304
5400
9807
1850
8242
6391
5436
2052
8109
6245
7338
2281
5035
1899
8675
2039
2294
1725
1
2407
7040
2111
28
5641
2923
8601
7077
3125
9372
9742
5798
5502
9912
415
5306
5267
5443
6943
5100
4238
7192
6974
4132
3217
579
5286
9158
8208
7830
4058
9827
4586
7467
1318
6247
8131
4043
617
7662
3389
2782
3601
2900
8639
1678
438
3661
4839
4579
9546
2470
9800
5907
7947
7507
58
564
7384
3205
1957
2155
5680
6041
8286
7133
4084
5260
1671
9759
2342
9971
6616
337
359
7970
5678
3573
2268
8454
7939
2774
9758
5282
5191
6941
1460
8109
4658
6860
1087
463
3634
9142
4107
8820
5153
7409
7022
2544
514
6456
8734
2966
1688
7373
2454
9528
9427
758
1559
9717
9556
6397
5566
7256
8504
9854
6037
4181
963
2555
627
4901
132
1429
7000
7782
4422
1484
4877
9749
2992
5149
6535
423
6392
7056
7614
2169
2740
8194
3634
43
493
3453
5580
936
8292
6451
6065
1197
7287
7429
1266
5335
4643
7965
6722
5554
3552
5066
211
5719
9966
9896
2856
5573
3549
5349
18
3031
5199
7400
6623
3089
3699
7005
3560
4293
5354
5344
3081
7213
9575
5215
7064
6380
6959
647
1291
1671
5409
7756
5653
7244
5715
5893
4386
8539
5465
748
1010
9396
2802
6412
7414
11
266
8169
726
6934
8373
7309
4842
6710
2210
231
4775
7520
3574
7865
3602
2623
9081
1578
5729
2323
1645
5289
1734
1544
983
2478
179
2691
4562
2570
4748
3088
7743
8444
2202
2143
860
308
4543
9190
7199
7563
4492
4003
958
5365
3308
9621
3517
3598
4094
1826
2679
471
1274
907
7204
734
3622
9594
7296
6964
4408
2579
3896
1972
9708
3480
3365
5252
9684
2913
6909
5381
3782
6872
7485
4171
826
5235
2993
6876
7825
2754
646
145
7380
7002
4066
4732
1938
6608
4133
3619
7845
5976
1326
6294
3377
7380
1120
3182
978
9329
7557
1322
4930
4955
930
3565
6342
7354
4651
5430
3327
6291
1423
7174
8265
1961
7874
4049
5466
6595
1920
6502
3835
1223
2826
8186
2367
2461
4033
6010
8870
8638
4169
8587
4973
4711
5395
9245
5439
7947
6708
3632
1909
9052
4144
232
4133
3069
7289
443
9105
1656
2409
2326
894
4970
5619
6
9064
8993
9742
9572
8543
4272
7719
4192
6490
7410
8199
4515
5191
7506
8802
9732
4415
4597
2051
6654
2051
4816
9646
2773
9147
9972
2573
7522
4148
3550
9142
3703
1931
104
6875
1328
470
625
2661
19
3940
2182
934
1827
9200
4790
7232
7219
7930
7351
852
1049
9217
4553
1907
6242
962
553
5440
1624
2547
9021
840
8485
9183
8321
9044
887
4770
2824
4485
3722
2402
4525
850
433
6406
1053
4716
3243
3532
5481
4913
5056
446
6921
2340
1767
2374
6659
896
2965
5231
7447
8770
423
7382
6198
8811
5822
4885
9424
5548
1552
1494
1963
1115
8459
9429
3308
6587
3125
3854
2419
2567
5900
1506
3247
3328
3982
3412
2637
9266
6099
9331
5164
2340
4516
6598
5117
4830
389
4353
138
98
9079
9364
3053
2174
346
2249
4748
3573
1062
588
3168
9760
6800
8238
8400
1592
8377
1977
2084
9962
3429
2535
6011
7963
6620
8712
7367
3820
3907
4810
1765
7813
379
8675
6226
5119
2701
4179
9003
3478
6705
7900
7911
6067
1905
2968
362
7099
1407
1487
483
2710
3220
4275
5147
9039
3978
4566
8955
7446
8107
5694
1437
4169
2680
3398
5962
1979
7926
5967
8034
3050
7913
3564
3227
144
7235
6385
5679
1938
2724
6524
8107
3172
4675
9416
4954
9096
1286
2465
5609
4701
3144
7852
4040
6263
1065
5186
5506
8351
1324
9308
6806
9208
7295
2066
1569
2340
1530
9659
6730
4038
3192
7803
5972
6842
8081
3275
5439
5425
5693
7259
8028
5582
7533
2846
8396
8220
9406
3017
2787
571
5959
7727
2475
2913
441
847
6392
703
5949
2387
1442
7023
2074
1803
1003
1776
2028
2543
1040
5081
6623
6871
9526
5300
8403
3273
4854
3869
4668
5979
7700
7238
6980
5921
7509
4268
3316
8944
4520
6925
4516
6526
2662
3702
3129
3100
1318
7404
6138
7913
137
1676
4455
5980
2117
7769
4686
5892
2916
8724
8375
6288
73
5144
6717
9579
6654
3973
4772
324
6568
7671
1018
6436
2643
1326
8153
4193
5479
6761
3499
142
3490
9443
2867
8988
8675
9614
49
4560
1660
8380
8858
2261
2574
52
8772
5645
9034
2737
5779
3853
1300
4657
8796
3573
4876
2848
7542
2790
1589
4858
8166
3880
2399
1583
2843
9907
571
4484
2570
150
5945
1993
2365
7570
8623
9858
7077
6817
8339
2656
6269
7159
5635
6833
9426
4422
9560
5094
2671
9706
1394
674
8307
6540
2331
5119
1063
2644
3589
4187
8006
2866
1886
1117
3042
3029
8164
3134
850
3571
9292
8517
7993
2935
8279
3458
9389
1727
5124
3917
6227
9464
4781
2409
817
4549
1088
3817
2626
1188
9556
2948
7611
5386
6918
3448
9233
4091
6788
8340
4282
1676
6046
3235
1769
7808
4878
6983
652
3542
5886
3663
8476
3435
6713
524
4097
1384
2085
134
9568
6662
1058
7532
1677
4423
4115
5909
9150
1886
3196
5249
9634
1607
4558
4021
5521
6220
9021
1961
5229
9089
6081
4041
4354
7720
2595
6419
510
3554
4941
3483
1670
8357
9017
6343
9922
7341
1886
5459
8881
952
315
8839
6214
582
9046
7340
1917
912
2277
7673
9298
9809
5031
6944
2558
4391
9156
5268
1556
1259
8110
660
5779
9354
7960
3431
8810
6640
4320
1100
8248
3669
1422
5289
7854
7489
737
5735
905
281
1771
618
5854
9562
682
2526
1428
6130
8228
5088
5020
2554
8450
6303
5298
7341
2310
9863
5328
4852
8892
3219
5508
6717
8357
1381
5291
3087
8649
1538
3790
8484
5867
7903
4458
4501
9784
1571
5983
6495
5085
2658
2143
1669
8739
2515
1821
5982
4939
9067
4625
3380
9309
6997
8621
7264
4963
5503
4210
6094
2104
8040
8183
8375
4374
1702
2091
5857
6194
7055
9333
5281
1766
6370
4566
1684
2621
3593
1966
4181
6696
9800
9658
461
5149
1393
966
9187
9943
9043
9870
8564
1003
8554
373
6280
1088
2799
2729
1070
2993
5119
8514
2770
2627
2932
672
6167
9505
1583
4269
187
1953
1806
9279
1458
8116
5938
6667
7753
3303
2363
6160
8410
1712
147
1106
2567
1396
6606
1564
7945
9123
9588
959
8096
7944
4751
4689
6737
2627
2728
1335
2019
6965
1600
1502
5212
7351
576
9575
8982
6619
1392
6696
1493
8580
6869
3834
8486
2084
7624
3507
7060
3706
8727
8202
7326
5350
3034
477
6090
1566
5056
5287
5365
2819
9693
4068
4079
1883
9076
4518
6924
5324
3591
9654
9240
4257
701
7181
5577
2444
5747
5482
7414
7539
9578
4839
7787
5032
7850
5046
1687
380
8835
61
9083
2386
4176
7501
3519
1350
4964
7754
9303
5008
3059
3261
5708
150
3217
6907
6274
2564
1030
252
685
8270
6644
336
9524
910
5461
614
3832
5581
1901
6211
2014
2455
343
9709
346
854
6986
5343
3689
9639
2868
6631
3058
8508
504
8759
3608
1446
8886
8370
388
2741
4259
7517
615
1300
5849
7020
5870
1588
9559
7198
1492
1628
8140
9096
8446
7570
7985
7408
1837
1882
8940
4935
4834
2504
4699
6385
5274
2965
434
3828
4901
8162
2315
827
2981
466
6679
666
1920
112
2731
7933
3637
6494
5689
3218
8044
1987
839
9426
3502
3264
331
3241
9770
2228
2011
2894
7118
2717
344
9052
2679
1816
1449
2140
3839
8710
1722
9082
1186
4496
6122
2277
3463
6019
1852
2555
2940
3028
9269
9127
2900
610
4327
319
9417
5905
6378
4708
6075
4725
9742
9336
2477
2043
2026
7787
7775
7230
3519
4012
5484
6790
9788
6203
424
2429
9875
6381
210
8595
2586
5955
5324
679
7760
4149
6412
9455
4505
5200
3123
1326
2262
6672
8238
8709
3780
4431
1147
9762
5871
582
2572
5457
1113
5789
2737
6901
289
3280
6351
1227
288
5712
543
6278
4328
4324
8290
3755
3744
3383
7358
4093
3069
3884
2726
791
8200
3112
7123
8225
606
3603
7612
653
4984
83
3645
5527
2931
7233
7681
9259
4445
5056
5630
6404
4513
93
4391
1949
344
8406
3950
6120
2487
5033
5907
8674
647
4730
6502
2415
9344
1495
5932
3088
9358
2404
1455
6911
216
9518
303
7360
875
5235
987
3825
6494
8505
2697
8173
7624
7159
851
562
5
3095
6444
7632
9390
6206
5012
7080
774
1753
4895
4678
2584
329
5473
2957
7168
1440
7525
476
1630
653
509
6329
1923
2056
9758
6269
4277
4780
3437
6135
5656
9684
4139
5191
9447
7878
4912
240
4429
5583
6375
7393
3079
4229
8401
3830
4014
6833
4309
3474
5321
9634
910
5494
9410
9055
3533
9979
2681
9394
6531
3696
9492
812
7080
2484
5216
2457
6216
4285
6335
370
8182
4286
9992
9045
2555
4020
6041
1413
6668
1937
418
2630
4972
6344
2163
4308
5330
1070
6946
2404
5540
3844
2123
1573
3116
267
2370
424
6734
1544
7073
9876
6117
2505
6652
9175
9315
6561
471
2701
4032
3695
4064
3154
8672
5291
5725
7470
7187
5568
8080
9550
113
4003
3551
1749
2253
6846
8382
5764
7463
4895
2241
7447
4718
5213
8542
6381
5204
7513
7367
3942
2318
9092
2090
1493
6042
8244
4813
6899
9355
7792
9228
2425
814
3341
7655
95
8325
3940
6383
2315
155
9096
9253
6431
8942
6004
4366
1785
4512
1259
6973
6230
5505
8710
4394
579
6876
7963
8787
3903
7059
2262
9687
7773
5464
1026
1925
8666
2192
9616
7309
859
5420
7038
6346
6747
3107
6483
2782
7816
5229
444
3998
4942
916
5128
9489
6424
7208
2656
9922
4356
7557
5406
9696
7457
5381
8852
2726
2401
222
1167
4290
9891
3556
8171
5173
655
2630
8318
2075
7568
4394
8618
8574
3129
5326
3044
2709
67
8360
5809
8993
4283
2388
3285
3540
4041
3298
1326
66
1041
9759
4223
7858
6918
9605
2003
1798
9067
3362
1526
8631
9153
3027
7967
1145
6635
3032
4432
1741
4457
1510
1501
9124
7941
2450
6011
5606
9535
267
1347
7290
2602
1851
9702
844
2393
5492
9930
9679
2687
4415
4669
8103
7503
1998
9644
22
7363
8924
349
6694
3048
1927
5677
7841
3848
7945
7653
9961
6887
5597
8757
4764
5182
2397
2321
4079
6436
557
2360
4013
7496
2840
9567
8456
8754
2384
9412
5403
1416
1288
1463
9391
4310
727
71
1165
9722
3410
6938
9346
505
9582
7178
170
4636
2176
4175
3465
967
7210
2434
6163
1271
6476
4396
8232
6171
2193
6628
55
6639
1644
9892
5391
5130
9542
4918
3620
1275
5086
209
1781
488
6421
3942
6966
5325
5978
7294
6971
3482
2259
3755
155
7931
9824
6220
3237
1558
7299
6015
5834
7990
1512
252
9967
9668
2853
5937
2996
1317
7628
3573
7395
9664
6822
2656
8879
7004
436
5470
4562
2594
4832
1111
2080
410
2196
4779
2817
943
3835
2546
2108
2742
5306
9213
8944
7314
4002
6763
5311
8941
6228
22
6585
3435
2515
3949
3654
539
9123
7926
2074
6613
341
5376
2526
4237
81
8670
6224
50
5145
5732
1018
1260
5902
5063
9883
7804
7383
6028
673
9157
3111
9559
5837
6485
1029
1243
5886
1245
4904
4401
9334
5871
2132
7197
821
332
3180
5719
5345
7138
2996
2454
2358
8527
6940
9153
4508
4421
1002
9498
6649
712
8274
5827
1490
9170
4868
7508
5338
604
6793
5972
9940
8631
4868
2465
2194
3457
4181
1676
3213
1433
2455
6818
1812
4153
6573
6977
8681
1335
7466
6025
6752
5283
8828
9840
309
6800
3994
7854
1813
2966
9861
4117
851
5033
4524
8504
2740
6827
8528
3607
2314
2569
3154
4487
2916
5555
8719
6599
1081
2312
9430
6464
3139
5665
323
4945
1024
5712
2906
91
7820
3388
184
5611
2715
9108
7323
4583
5747
3382
5555
3673
4730
579
429
3594
7886
7331
7867
8727
9070
7939
5507
1687
3900
7909
7123
9105
2254
2049
8910
2637
6280
5144
911
3065
389
7790
8261
1928
588
4205
2482
9743
589
9989
6280
7718
9396
1779
4226
6745
7443
1282
7426
6970
5270
1518
6686
1929
3959
1115
622
7886
9427
534
8737
4327
6919
4879
9379
3432
1009
8297
6815
207
1249
3929
6972
1474
2526
7937
8284
6420
9326
6821
1273
9248
7604
8034
4825
4574
924
4195
8918
6628
6763
3621
681
5350
6016
2198
9304
295
678
7219
9582
4515
7104
3718
8114
2565
8538
3869
3874
7202
8853
4214
6894
746
1044
6929
4341
1398
699
6829
2072
4709
6756
1527
4348
9648
9497
1912
335
7471
9286
7657
6850
337
1058
9327
5691
4977
2434
2665
169
775
6999
4598
8467
4420
279
7154
4258
2614
3399
9372
3847
5865
6143
4734
6078
8370
3692
7806
686
7273
5098
324
4594
2379
5387
8517
9066
2085
7877
2942
4990
4268
3143
5914
2166
5232
5558
7217
4809
1016
6127
7450
2600
6887
1093
2042
2089
5417
6034
4413
1427
8815
9761
8865
7120
2794
9236
9610
1989
6709
43
8300
9775
576
7295
6752
7358
9399
2142
4963
3090
2460
8823
3614
1944
2162
9953
2112
796
7418
2036
2052
6290
8495
7410
9373
5704
2034
600
3189
9033
2483
61
5299
5541
7256
4048
9413
9461
2142
2322
6538
5706
609
328
3105
1158
3306
8121
6992
5903
8724
1547
2513
2895
7037
2345
8706
7620
7616
1886
6941
8114
1159
3164
7829
724
6018
3188
6448
3002
5195
4641
665
9185
3356
9899
1483
1242
4294
7419
8182
2394
1952
565
4477
2998
7959
7502
1194
4144
9971
9341
626
2175
2489
7951
6226
3014
9065
9660
2238
3747
8266
3816
5382
8844
2033
2364
8874
6968
9738
9551
8990
2847
2451
8047
6663
1317
215
9941
6627
3618
2077
1835
4295
3375
959
2613
3389
157
8590
6392
3962
9746
6083
3196
3883
1095
6753
4914
8581
8175
8471
5916
2206
7345
2744
5860
2453
939
608
2770
6636
395
3115
2956
7990
5688
9098
4718
8379
4395
5440
374
5527
8861
1664
4335
8233
9542
574
9315
7770
6753
143
7180
1397
3850
7238
7023
9465
7154
1994
4705
5817
8670
6176
6588
777
5374
1769
3550
4704
7939
8078
8582
7064
3697
8615
2203
4628
6139
9556
8909
4350
9062
3542
6379
3318
8334
6663
3391
7199
9618
3083
3333
5341
3705
979
4138
2297
471
9387
6966
7949
5418
4909
3633
4215
3763
6049
2318
4209
1454
9237
4092
6080
4474
6780
6905
1372
4978
1823
2429
1882
5252
5398
5598
9295
4507
3827
249
9620
9540
6664
9035
2462
3112
7777
7093
2563
5447
2063
7818
2634
7558
1478
577
197
50
9512
8360
8896
3179
933
7553
6859
7659
176
1228
9952
2267
2647
4603
5961
207
1520
1268
6209
6730
2413
9729
6307
2928
2910
6516
3347
9659
6962
8484
270
5882
250
2756
6695
4455
1444
1284
9919
2036
1879
6010
3194
1329
5123
5603
8728
1291
6932
6605
2089
3516
1214
3582
7798
8223
1775
7995
4470
7303
6339
877
374
739
1541
1642
8374
7700
2336
9546
4329
7057
7117
6500
8776
2470
6161
6222
4631
1246
4516
4282
6803
318
8166
674
7712
4520
3370
1062
4631
3706
3492
9399
5355
8437
4869
166
5887
8372
2285
6732
1889
878
2931
2651
4823
5744
2630
4711
265
3498
9418
9638
1956
505
9924
8068
2486
5454
5855
9421
8925
5918
2361
9898
4241
6368
4908
3337
7350
3683
3573
4564
7102
9878
965
3059
6371
9519
8029
4114
9230
7933
5659
5534
7858
7947
1160
7903
5004
6778
2388
5684
8324
6293
7293
757
1584
459
7458
6447
8661
1758
2522
8649
7583
3768
2463
1399
8243
2315
9720
8851
5378
3570
7142
1353
8224
8479
7250
3611
3071
2210
9614
2901
5212
1401
3962
6138
8596
9983
2267
3871
7050
6067
5736
3596
7114
1804
1265
4381
5050
6312
8916
1971
32
7181
6580
3125
2625
2137
8593
8336
5354
6388
1631
1903
3241
2967
2476
6308
4672
2777
967
7040
9139
5640
1465
6097
8080
2142
9349
7677
8368
526
1981
7898
1953
640
4182
9567
2934
2284
6770
8410
8826
7186
8453
9592
1839
9976
8571
6866
4546
2583
5528
8799
3182
5363
2637
3891
5153
2156
7681
6329
9938
6995
8811
1049
6608
8954
7027
377
4897
2575
6817
3310
2452
5930
612
6470
5535
3961
4316
6369
5331
1076
6682
9040
4997
572
3499
9185
4205
1109
3568
3963
4071
8966
4851
8391
9060
5591
5378
4658
9437
5526
7369
4515
6072
1383
8020
5617
8966
5081
4186
2311
3643
259
7434
4320
7396
425
8352
1187
715
5906
4561
6127
3889
6238
729
8236
6252
9454
74
3472
3417
3913
9531
4069
9169
2862
5330
4837
8297
2556
8375
2253
7107
3987
2025
7697
4526
5600
3378
4822
8894
2545
2110
846
5499
8820
2020
2800
587
2774
3198
4449
2812
4739
6376
5113
6422
578
8629
5596
1903
3987
435
2105
2642
6359
2068
8026
4378
1526
1858
6601
2849
6474
8803
2616
6047
4020
3851
1072
5868
4853
8793
9514
6341
8100
5607
4354
8441
8595
625
5148
4267
7004
8611
2349
6689
4916
1877
6028
6414
3582
4029
4113
7735
3509
2347
3122
4096
3874
9948
5252
3318
5394
5666
6050
8472
2610
1685
1662
412
7084
6147
441
1108
1842
6223
3754
2729
6586
4397
1008
2497
8939
8802
9944
2085
1612
2781
5161
9973
7534
5097
6970
4442
4480
4803
8176
9006
5127
3989
3995
5444
6440
9971
2824
4013
3202
9596
3880
535
732
5715
7868
83
8341
216
6248
67
633
140
5523
9243
9602
9285
787
3473
571
2421
6258
6490
3677
734
9261
7093
8275
3637
2137
18
4871
5698
8615
6493
5152
2047
8745
9669
5292
2665
398
2792
1652
8692
2435
5980
727
3779
8165
7792
2543
6097
1129
4722
8863
3141
2791
4263
2590
3008
8794
5970
7452
7614
2072
2859
1483
3079
9234
6328
381
2503
8049
7844
6252
2166
5394
7217
7241
543
2303
4003
3155
353
5485
9075
8546
4978
1693
2222
742
2979
9933
1293
9064
8362
9345
9107
573
9601
4998
7053
5789
2067
5427
337
5866
8726
766
1863
4873
4230
1041
2733
4484
8455
4989
817
3970
5087
6573
8645
7914
2504
6252
5428
553
3982
492
3513
3133
6486
9014
5260
3690
6709
7813
9740
524
6700
1673
5566
9046
3865
5693
803
9618
4387
1831
3166
446
4864
9221
13
4462
9116
5797
7084
7648
8358
901
1566
4462
7692
8676
750
1963
2866
358
8513
5525
473
6945
1379
3428
3630
7451
6053
428
3428
9898
2682
7836
1301
2392
730
8697
7796
6014
1681
2867
8265
9662
2450
7653
4281
1925
8989
5427
7083
1713
5270
9887
8407
79
5005
2111
6304
6088
3690
4350
225
9036
1076
1860
9431
6724
5351
2253
2647
3955
3650
1357
8043
320
6891
979
3615
4212
9920
3840
1563
9386
8033
8666
8592
7719
3285
3703
7579
7281
5161
6981
5659
4002
3264
5645
2558
662
2495
6150
7358
7147
5151
5753
4521
778
3004
6134
111
9626
1391
2137
6720
1789
8499
567
41
8887
8221
4059
4356
3396
710
3577
3815
9928
1811
6639
3161
2853
2764
5131
7571
6556
2998
7252
9051
9864
8094
9322
5962
466
857
7463
7457
9201
6959
1872
6404
6027
9532
7912
3077
9851
683
2237
3939
8297
119
427
5904
5247
1463
7164
1189
127
3052
8062
356
5326
8431
6471
3864
3176
6000
5744
360
5610
997
8158
549
3965
9185
8234
4086
5476
9984
9268
7451
9689
9536
8655
9725
4714
7316
1869
4613
9404
9339
3689
6054
1527
5675
5176
3956
970
8219
9824
949
8723
3816
8697
9807
8929
1268
7233
1265
9496
5707
5360
8367
8011
1035
159
1603
2181
4915
5389
5134
1362
127
1158
5917
6334
5030
5875
5319
317
9981
52
7642
1189
2145
1740
1169
2196
3910
5014
2614
9653
7619
9327
2453
4228
9776
8492
5885
8855
1538
8707
3867
9004
8795
6476
2332
1911
7695
8220
6122
1648
2557
3141
6180
8061
7410
7259
2263
7219
8805
4558
7018
3045
7738
1727
8064
1985
1556
4314
2380
378
982
1066
6692
2680
4699
7058
4341
9109
3665
2466
8416
2690
5878
513
3689
2922
2148
5042
6801
4790
4877
3834
2800
8588
2677
1206
2293
3253
9283
6361
6945
587
7596
9164
8327
927
8172
5614
8305
9637
3698
8468
7553
1119
1562
1289
4642
5076
1984
489
7841
4176
8427
9950
2337
6765
205
6406
8206
7381
5809
5796
7013
3335
6198
3433
9023
8418
8919
9694
989
550
7983
5451
6546
6439
7850
1479
6714
4444
7536
2029
8673
1670
840
9051
8127
6105
4261
1460
4180
7618
3684
9268
4609
7444
3199
5763
4991
9496
2176
6601
3341
1251
9501
8075
6524
5601
9075
5879
981
4840
9645
978
6137
3823
1095
5493
4988
4178
7180
2865
9180
2706
9005
8094
9748
4349
8914
1459
8312
1280
3602
8082
4082
8579
1388
2215
481
5981
1253
1723
2184
7949
4429
1186
2036
3590
5045
7343
8886
4955
2260
5238
5090
6706
1632
550
5532
8499
4136
8473
7393
4388
9248
8454
9949
513
7217
1018
12
6553
2154
9129
7838
6295
2592
6972
5055
8161
6715
6586
6995
252
1643
6510
1280
8450
9894
791
1341
6904
2827
4654
5348
5254
3629
1119
4159
4244
8523
2759
9856
5661
4317
7973
2844
7691
5204
6504
3187
9305
2648
6369
7479
8731
2796
3171
7090
2426
5216
5607
3036
539
7082
7307
5061
867
2343
2275
2896
5866
4294
4927
5971
1432
5289
6023
3747
6744
8931
3729
5746
934
6474
109
6557
1093
3788
323
7832
6657
8285
8850
868
2683
8038
769
4423
9507
7608
1370
9837
3589
8550
871
2207
7180
4307
7269
1795
2627
6007
1779
5632
6426
8131
8742
5252
3354
4166
8501
7287
8932
8638
6901
7991
5820
3987
3424
6492
9509
7336
6319
684
2563
5482
3764
8415
2169
6876
4478
9800
1518
4737
4105
7028
1343
8412
8801
6597
4081
8866
6168
5404
9866
8804
97
7296
3274
5626
6987
4766
8187
9415
3489
2044
8021
8373
7246
3156
9998
7600
8566
8987
4975
2306
6136
9504
8989
6582
8670
6078
8735
2245
6485
4741
8666
7459
626
7530
5751
5039
702
8764
6523
5062
218
8807
3416
801
3229
9323
6098
5028
4646
9767
2993
3879
4686
1145
403
5298
6990
7763
3766
5628
5699
646
7221
2656
786
7680
8139
3652
461
2358
6111
8416
4111
4842
2313
1898
1646
2083
4656
7133
1452
3141
2291
519
6201
4755
1326
8910
4346
6977
8640
4234
3785
2995
9152
4313
7815
1234
8861
8494
5694
1089
480
1729
7652
9282
3483
7451
1985
9126
6077
8611
5201
5820
7570
6369
2520
8049
8713
2014
9449
3476
4112
5902
7819
7417
6811
6954
2614
1371
9582
1450
108
5655
5462
4275
2628
3943
762
2956
3212
1215
2528
5530
4339
9640
2147
5274
4471
4312
8107
7515
8544
837
5733
6905
225
7712
7427
9594
3072
353
8409
3618
9195
2274
7739
2337
8334
4534
7484
2160
4962
698
4120
3300
9328
630
1320
2194
8309
4570
4825
8734
7865
2516
7032
1678
8076
1368
6802
1534
9016
5513
5565
4754
4858
8608
1492
9618
4864
2157
7615
659
7021
5896
7114
8543
3449
4145
7263
1574
3324
1861
8881
409
2249
2620
6142
953
5763
269
703
4030
2305
9072
5309
8272
4319
6740
7214
8307
2764
8514
3803
4526
6996
5808
4020
5087
6515
4821
8285
2418
1284
2123
9548
3262
4017
3210
8396
9036
4432
6791
7247
1712
644
4933
5758
7795
2748
5112
5962
5006
1794
7509
8545
2136
4076
4227
4153
5442
1970
1890
9499
5538
5528
9244
4919
6532
3978
7643
3620
3675
5713
3920
5443
3485
7199
9002
2358
132
729
2862
5465
5718
5821
7120
1721
7101
4366
4612
2030
5187
8305
8102
5577
7716
5835
8559
7598
732
8703
76
2873
2553
5480
5078
6148
4024
9461
8904
3076
8456
3194
6655
9550
5803
803
7743
8227
1885
9967
1009
8795
6796
9580
2145
8853
2891
7794
3164
4015
9538
9177
47
9959
3955
3089
5609
354
3413
2748
1562
7315
8425
54
9159
2330
9854
3820
6251
8028
3875
729
3060
1482
3704
1832
9348
9375
5205
4518
2862
7882
2690
2586
8678
1370
5876
4945
2186
6510
227
4122
6592
2900
9873
146
7629
201
3490
4935
3159
5686
8796
8633
4617
705
3132
6455
5517
5065
4491
1565
8773
5430
760
9048
5149
965
7786
4798
6015
5437
2808
7160
5007
65
4942
4684
5501
6623
4404
4496
5536
6434
1290
3191
2115
9421
5656
7372
2915
8839
1829
3193
1802
6221
3167
6791
5289
5733
2480
7168
6985
6376
5017
7495
8478
9685
8683
3102
5616
5035
4924
875
5366
6776
5132
9651
1589
3598
482
6888
2397
137
6281
3251
8662
6813
6558
7804
43
2136
7607
7540
4603
4545
7189
2085
7413
5259
3376
1674
9227
3691
5441
9744
2173
8700
4803
9624
7956
5212
2356
6570
5742
8299
5932
7099
2166
2178
4912
7985
4964
7525
2592
2336
1448
6497
3759
1607
4438
7222
8131
8676
9894
1015
1590
3284
6607
4591
5976
2115
4180
43
7686
9883
258
6595
7240
722
8104
5867
5097
8753
8946
339
8168
1501
688
9449
9457
106
6605
3526
380
3305
8665
8179
2863
9802
3485
6444
1452
5353
1188
1146
9373
9703
7373
6719
82
1951
8019
9670
5918
6300
6059
7378
1371
6093
2243
3142
7270
9117
8677
8768
2776
7692
1424
7053
4409
9155
2536
3404
7344
796
8180
7301
3209
3361
8482
8282
3923
9947
3698
96
7676
5017
3528
3664
8279
3062
4943
3940
1193
4301
6280
7710
6444
9264
3677
9089
3523
1305
3540
9334
7837
6133
7875
7372
9178
6615
3029
3257
986
5561
9880
5110
5262
6397
4117
874
6192
4991
8273
7308
8202
1687
4038
6940
7842
7006
6019
2601
2220
58
7516
3118
4738
9471
4853
6401
4590
126
6196
1647
332
5647
8512
6603
4867
377
320
9356
8777
8845
1838
9365
6612
5298
265
149
520
7802
2605
7322
363
6933
8598
1296
1744
7177
760
7842
7133
9490
7682
6741
2457
3231
8807
1816
8741
1285
1364
6960
9621
9767
9441
3834
9407
2175
2011
4461
7845
8090
7162
4067
8677
9111
3960
4189
4574
5544
4743
7904
5944
7506
8512
196
5331
2411
7005
1764
6231
7464
2041
2812
1451
9633
287
5880
9617
907
69
2801
999
778
169
5596
1706
173
1348
8446
5732
204
4388
6193
2508
423
7696
9710
9154
9264
4893
950
6719
9036
6296
1284
9530
5951
6373
8785
3536
2535
3270
4458
754
762
8904
9353
6119
2265
8319
841
366
2425
7668
2090
8110
8311
8453
2249
5543
4595
6918
595
7899
4861
3107
2866
9641
9156
6550
3881
2265
577
8358
1608
1347
8065
567
5619
386
2482
8305
458
9433
7936
3282
495
5944
7180
1700
5267
3049
8290
3674
10000
1418
2099
6065
4846
6178
1458
2914
1930
1551
4409
8270
46
5926
8842
8280
8435
3597
310
4917
2039
9752
4842
669
8753
1045
7558
1625
4361
2318
4081
2179
1967
8200
3546
5193
8477
6625
6856
9470
2103
7789
8788
7168
9545
5683
6374
1088
1952
9813
5299
8417
1580
3668
301
2310
9977
3599
9297
6531
8170
4822
8178
4504
6183
2640
9414
7054
3352
5521
7250
1194
3706
3211
2952
1409
7153
8043
2303
4263
1145
2577
7755
1874
6676
2792
4369
2211
4871
1
5328
555
5600
1485
1363
9208
9104
7243
3689
2401
1542
4866
4417
227
8187
2832
4112
2605
5639
7521
3442
1572
8859
9730
9540
2449
9867
4226
8871
21
7708
1715
6242
5930
2733
1857
7108
6867
5775
8315
1753
882
9218
9100
5804
7396
2959
7696
762
1763
9070
6356
9822
2180
3654
4675
9917
7512
16
4281
6815
9959
7300
8824
1645
4977
454
1195
9209
7472
8656
9089
395
577
9273
4901
2987
5347
8216
3409
1422
8831
9042
7890
6674
9995
4908
8558
7357
6151
7163
6279
0
5883
3932
3308
2660
142
3723
7200
2420
9793
4721
1677
7021
861
2226
1860
8315
4221
8823
1319
9124
7505
634
6807
5625
1090
6031
7255
1188
1513
1243
2797
317
4673
6893
1740
8929
7200
6756
7210
4435
9819
3270
8826
4041
6343
6681
9466
3268
7940
759
4632
9548
1591
4293
1050
2973
6945
15
963
7437
6819
6401
1176
3916
307
7027
3076
5659
3061
229
7949
5768
8231
6487
7792
2593
6997
3379
8919
3561
9968
2462
4161
9063
5779
2971
301
5954
814
5597
1560
9236
1121
2273
4735
1284
8868
4360
7119
7529
4635
7209
1786
5345
8209
1234
3909
4670
5586
5719
5375
8483
1499
190
1525
90
797
9882
1654
4037
7418
1064
3088
2743
6020
3905
8195
2497
347
6708
3617
8402
2377
3390
7471
6974
8210
7743
4846
94
7070
2617
3824
2152
6613
4335
7500
7897
7990
1560
2531
5296
5337
6546
7979
2362
762
4506
7678
626
2766
5984
7728
6262
5663
5594
534
9503
5131
4651
6744
1325
2898
1568
2597
7604
6355
4234
9918
5245
8203
7222
7638
1679
8310
9345
96
4843
3864
1324
27
7711
6822
3812
9857
9613
7051
9002
9073
2129
8242
4829
725
1128
4270
5280
8355
1957
4081
7809
5787
7367
9394
2597
2458
6748
2373
9204
3912
5671
8601
1213
4660
9706
5484
720
1051
7051
8430
6337
2626
1028
1627
2018
8056
9041
2563
8421
2822
8778
5764
4653
3438
4443
3423
8214
4204
9080
3324
5047
6781
9421
2963
7507
4112
7543
8572
7662
3550
2798
9133
8438
6225
4374
7237
8983
4413
2117
4557
8448
8691
8522
3626
2424
6080
1160
3284
9496
225
3615
4559
3014
4947
2780
2151
4276
4620
5175
3157
4323
4293
2419
6087
5319
6480
6045
2903
561
7715
233
3446
4273
4144
5243
6650
3747
2816
5438
4401
6758
4271
9031
9603
5002
4436
9656
8888
4681
5903
3775
3445
5367
6543
1272
2005
1364
992
5649
488
2340
4768
3983
5358
7181
1007
2701
9145
5566
9303
1436
4365
1240
4164
6236
2798
3653
3446
7782
8155
2773
7596
9218
6843
9057
2113
7865
9
3909
5125
1014
735
2128
8929
7878
9718
4777
6483
6741
7127
165
4589
1120
7847
4473
1715
3375
536
90
4939
7362
8696
9005
8194
7663
1711
5621
9664
9123
6477
3545
6773
2386
1183
5957
5604
6542
5983
9984
2481
9489
3318
7940
1240
8401
3451
316
8943
3797
6606
1610
1757
2680
9393
8649
2267
3757
3361
6764
2905
6863
3
6606
2402
3122
2281
136
1192
6765
2493
7467
4601
9715
3242
9631
7447
257
4319
6007
52
6546
9556
7230
8730
4828
4443
4509
9537
1946
4613
6140
4345
7573
8198
5607
9854
4473
4302
5003
9035
8471
8083
6585
4278
9786
3169
2301
709
6783
5513
4836
421
7757
1243
8389
3935
4842
8004
2117
4307
8210
4545
870
3412
6768
3364
138
3521
3029
8758
7420
8707
7348
2272
2713
7930
8358
3144
842
3141
3539
5917
5038
7288
1164
9702
7504
1601
1241
6916
5807
3250
8436
3452
6089
1639
5127
5093
1569
7737
3368
2604
405
1798
1420
2012
3936
9581
2315
4993
2717
7312
4675
9173
9525
1086
5285
7653
4024
8535
5695
9155
2283
4602
3317
9484
1252
2832
4481
5915
1195
43
203
8751
8940
9125
8486
6422
7089
8305
1358
7598
2019
8255
3771
8677
2569
3258
1431
8574
8236
3884
839
3325
3802
757
5010
7669
1543
9945
5089
9772
377
69
8608
6622
3489
3265
5289
2523
5938
2165
2717
3839
8701
9265
1204
5925
6132
8108
4027
7191
8944
8377
9807
9246
242
5934
5770
4877
8254
809
2923
8429
5836
4431
4231
8684
8046
2087
8455
3597
4834
6680
1227
4282
543
7705
4806
8346
471
1452
2742
8140
4422
9901
4306
6442
4068
4066
2093
2277
8232
6065
2352
4951
85
1361
2455
7131
501
9692
1105
1123
6459
6637
4627
35
1963
3626
8848
802
3134
6529
5406
4228
4942
7477
7012
6984
7366
7621
3963
5397
4912
7369
9753
5208
9609
8799
7817
4509
2542
506
8353
3152
3928
6892
2677
2351
4246
6709
4004
5185
6133
3993
2048
7578
8421
1955
4820
2035
7538
7387
8802
157
5453
8152
5826
3915
1493
5905
6760
7142
8140
4579
8249
334
7795
6057
8329
6938
3032
4220
7314
7321
8231
77
1916
1006
8772
6322
5879
412
2837
1063
8115
9860
9353
6371
5942
8637
8585
9376
2013
159
1781
6616
9041
2626
4616
1523
7011
7893
373
9085
7379
3829
3380
7920
2532
5740
9408
16
2545
8650
7201
7395
9176
7812
668
8587
7949
1051
1728
4949
5331
5200
3863
8462
4290
8915
7101
9137
9245
7786
9445
5980
3139
9281
5498
694
368
9061
9716
529
4619
716
6555
1241
3455
2767
2867
5680
5571
3897
7136
5546
237
3442
5118
5707
4087
3292
1117
4116
8758
7555
5097
7965
367
3203
365
8311
1615
3917
7081
5252
3793
534
8238
8763
3435
1620
4938
5623
4028
931
3165
7235
724
5400
8861
9944
7276
4003
5086
1564
6593
2183
8788
1804
8412
9787
6303
2152
1141
8676
2214
1369
2156
1743
1754
557
1335
8992
5647
7673
1751
4130
8940
9216
7543
5582
7704
4138
7907
5649
5235
4138
1023
21
5998
5124
3038
8261
9529
9680
3686
2531
4059
2074
585
6772
8415
9442
2953
9864
8346
9357
554
634
1670
6911
3699
8678
8455
4877
115
5236
7680
7483
9964
2553
863
566
1557
8917
9221
2123
8138
8018
658
9785
3902
3266
2569
5201
55
5209
723
9078
1514
3810
9732
8561
4215
6681
9289
744
576
5760
6245
6857
6603
5910
8434
3816
542
1703
5648
248
3517
6785
9450
5221
7342
9485
6445
1602
7946
4485
1826
6381
3318
8778
5140
7802
349
2916
8459
3410
3763
1501
9849
9169
4435
3129
9005
518
6823
7275
9519
2839
7274
806
2802
1204
699
4728
2143
2657
8006
1370
7819
2227
13
8759
5719
1535
8384
5426
1299
3866
899
6058
2019
7216
6040
689
1958
109
3491
9382
8137
569
459
1190
1698
7070
75
9307
5022
8078
6060
7706
2586
2409
8653
3461
2539
4077
9838
1283
8989
1808
9793
7783
1008
2667
5767
3994
2179
4132
6523
5497
4624
4363
6613
1919
5627
2663
3637
8186
1086
4029
2717
5831
9389
5725
7478
8641
1984
618
1625
4071
2805
8556
1945
721
922
9710
7761
20
1130
7463
619
3443
3733
2326
2298
9478
6692
1008
6298
6266
9280
2893
4765
8460
182
6122
5640
8374
9663
3985
1552
4623
4770
5081
9339
6966
7561
14
6694
9472
1445
7679
1937
1819
2830
4455
7449
1363
3232
7635
708
3237
3183
2236
985
7461
9221
3494
9239
4055
4984
4509
6615
8248
7870
3527
1107
5345
7812
1701
758
3122
1072
4540
8808
5635
5858
2414
5687
8820
3510
9828
6726
5237
8644
3638
9122
3029
4457
5357
9740
1896
3209
4523
5169
5099
8979
4236
4495
4125
5956
6511
5610
5644
3195
6641
9465
7355
7743
7166
4665
5304
8653
12
9042
2728
4025
9741
2300
5368
6114
2460
4735
4944
1301
7988
431
3694
1025
7256
9954
1214
1300
9588
5596
2640
1246
5178
2667
4730
8631
9322
2204
1867
7077
9942
3955
1356
7620
9301
9266
7440
4470
9118
6073
6158
7085
1663
8154
5047
3559
8097
7910
5737
6427
9602
5411
1693
8673
2898
1810
4897
9979
8386
8598
9910
4813
3806
1999
5539
952
7361
8279
6036
9156
5409
8031
894
3231
6202
6037
3438
9519
232
2475
3429
4399
4961
8226
3557
3544
6417
906
2579
6144
9972
3362
8006
4405
7350
1825
7025
2638
26
7538
1875
2336
2212
5014
1206
5521
451
7459
5363
4217
7041
29
5891
3712
8043
9509
7845
2278
6116
530
8617
1307
3197
8110
6617
2577
5286
5624
1579
1205
9245
4025
367
2307
2218
2330
1370
9771
8960
4987
2451
3003
4839
8030
3133
4186
1137
3103
319
3212
4968
7155
1260
6927
6921
9522
2900
9622
2759
8967
1131
3667
9747
8578
4758
2549
4319
1754
5555
4417
2361
9837
6169
4087
920
2589
2443
7978
6445
5114
6829
2397
1281
7579
2810
5691
4082
3408
5214
2900
5094
4372
1483
7450
8495
797
2329
9495
2219
8532
5268
7856
1305
3914
5541
5143
2636
949
2027
2985
6693
7928
6751
8236
961
9780
9990
552
7187
9622
137
9636
1358
8480
3536
9310
1730
6525
4757
6981
2207
4119
3854
441
1918
538
1439
6335
5827
7176
9322
8349
1410
9013
3250
5961
6957
4198
7257
645
1468
8058
7990
5754
3374
1563
2890
7869
2173
99
9607
1162
9379
4413
2514
4126
988
1793
6021
8363
4945
1353
4657
9686
8557
2598
3843
4635
7021
8258
5220
3538
2885
6656
3081
3651
9179
1268
6878
7239
2742
7297
2016
4542
4553
181
6070
8521
9875
3631
1467
6979
5481
1236
2847
3572
8106
1070
704
5921
509
186
594
8408
6678
6400
2004
293
3648
7187
7007
1332
9053
7270
3616
171
6377
5365
8624
878
1231
2117
1254
2380
2729
1211
483
4899
8219
9942
2058
6048
3580
7998
9264
100
2333
9797
5201
1648
7475
8194
4472
2171
8529
4858
6947
9647
2416
4731
1396
1396
4312
8311
8100
8402
1175
3184
4427
2938
1581
6858
1761
297
4919
3826
8821
9866
7980
5508
3772
8767
7561
637
1017
7424
8179
5398
7069
6123
240
9956
5600
5399
7864
5081
5145
2591
9183
7140
33
562
9264
1093
8599
7729
3025
6935
1771
9927
4880
1679
5288
2904
1997
6660
7222
414
9907
2999
470
875
8478
4107
6008
8550
920
3820
2865
8969
1226
8918
1390
6744
3609
7547
8656
9476
6774
2026
8079
2514
2919
791
80
1355
8602
8465
3968
7188
3244
4880
1049
3640
2731
3945
6875
6635
7947
8052
4562
5147
2996
5912
393
3175
4263
2627
9513
4824
5557
4512
7085
1135
863
4017
6141
4786
6503
531
4150
8898
7586
8354
1373
4389
6828
6278
8626
8164
9014
3025
9279
7096
3046
1213
5993
4422
6444
1533
7308
7125
4278
5593
7014
4488
3589
720
1491
9944
2837
3256
7997
7337
9547
5169
8028
9370
1581
6703
961
8580
1015
4544
7475
7012
8798
3405
9441
6915
9492
3449
6282
5385
5848
1803
4132
5155
3752
216
6699
9610
6008
843
8041
1350
8926
1234
8944
8071
9644
5995
1470
2131
6344
2153
1127
2533
5221
5121
6088
2237
7209
1092
5961
7858
7001
9276
6664
2848
1151
9450
2888
9408
5139
7949
2732
1847
1662
7690
1146
842
324
7837
7807
2378
7583
7704
6997
796
7718
4755
2037
5865
1401
3434
6784
9387
9910
4234
3825
9065
4558
3441
8560
633
7868
206
4321
8682
3321
6986
3445
2474
3460
2580
964
8808
3114
6268
3127
3281
6628
9281
6728
4146
8473
7032
2551
1653
7242
8929
6362
1484
4242
9378
1047
1705
236
9413
2705
8654
8911
6953
1829
5887
471
5583
560
9850
8011
188
6300
7713
9719
1872
2524
9960
3946
1921
6873
8133
6765
3270
1475
3064
5559
3178
781
540
1934
6833
5862
2984
2215
9505
2274
9920
6247
850
9765
8463
3867
1020
3563
941
6030
7663
6723
5160
8285
5040
6457
207
8414
1670
2225
1937
2081
4354
3917
397
1609
4096
5548
8669
1967
6393
5054
5528
9335
2910
5836
1706
6994
7621
5183
3687
6741
9424
6045
3481
3644
9764
4711
283
5192
5406
9953
6378
5704
1482
4419
3451
6451
7872
1976
5319
3786
6769
2259
7738
2786
6461
7514
4542
1595
8416
6071
9616
9169
8562
5030
4111
730
4942
6752
6133
4502
905
8330
2585
2889
6624
2233
5181
8595
953
4535
8321
8859
9346
5635
8210
7065
802
7706
4443
1801
2965
9804
8909
8364
3504
2342
3267
4757
2564
5491
9678
1298
5904
9785
4454
7748
6830
1504
5311
2288
7967
8483
8415
3456
8794
9003
873
9311
4946
559
1204
506
9269
9712
8805
9651
3067
8422
2750
6288
7518
8557
6243
3909
2547
262
5918
5024
9108
6007
1537
8122
9994
3718
8171
5909
5620
3776
8253
8196
5483
305
9884
1997
9523
5643
7150
7865
8638
5465
7669
1755
6688
5509
5797
2826
1376
9405
3531
7098
4353
3194
9226
3414
9169
4773
4603
7519
783
8844
5858
7654
4527
5800
9788
9488
7402
4223
761
2966
5059
4279
9694
5672
5845
532
25
3176
479
3148
6267
2303
7617
1005
3536
2715
6260
6725
3363
6549
1292
7470
9142
2947
8494
908
6553
924
9489
6971
3594
133
796
5104
3502
5274
8416
4706
1463
8464
2524
2260
1026
4769
550
1154
6127
6313
4098
1506
5522
7194
9959
9847
2558
4426
4377
1664
7378
6844
6892
3893
1244
5305
9627
7511
5624
3980
9982
4089
7010
545
1995
8614
8544
3208
893
3577
7343
7241
2457
5823
5327
2946
7846
5280
4539
123
5487
3196
3266
7016
9913
5598
5509
8340
7790
1406
1450
5768
5649
2937
4274
8519
1867
1921
7283
6149
5166
6949
1721
4713
3990
1365
572
8084
8577
5638
3184
2152
3570
1777
7599
2155
3559
6698
2597
4417
6230
4285
810
8459
8299
6640
7242
9514
5581
4567
57
8015
981
6771
1454
8045
7311
8966
5518
598
885
3580
839
9210
2597
9719
4738
5192
2725
6009
7157
494
9699
2155
1963
1740
7523
375
4026
1103
1397
6682
4831
1988
1860
3588
901
530
659
7526
483
1895
50
7705
2504
2149
808
513
5485
1278
1408
664
5743
2007
3433
1900
8783
3802
4903
7471
4117
728
8178
7932
8672
6339
8604
2154
322
7319
2412
8947
6736
5923
2143
8643
667
562
8572
3523
6664
3308
1574
4668
3515
1955
7844
210
9891
4291
5045
4317
3106
5508
3700
9161
9705
686
2112
6182
8030
5167
292
4720
9191
1964
3684
7050
5774
9205
5788
7314
9372
1160
7579
8352
5189
6066
4836
1419
7619
4014
9714
8741
679
9973
9373
3754
7852
4424
4393
317
3848
4266
9592
1719
9797
2518
9439
5805
7771
7830
4405
1424
1670
6508
2862
4432
3380
1905
4601
7898
2738
3510
1963
5476
2406
1920
557
4469
1395
4578
4671
1955
2521
7583
5383
791
2775
6413
5504
2450
6940
6993
195
1861
9752
6723
1543
221
8891
1426
630
8508
1246
3592
1156
5160
5436
9177
9827
6413
1979
1933
1515
1665
5053
6585
2698
8346
2952
9106
8774
9
1475
7940
5090
3498
6708
5907
1512
964
238
408
2752
7157
1211
889
2221
7533
1457
1988
6324
7390
4396
9016
7958
4077
9580
9430
8054
9153
3225
3737
4924
1901
6698
632
2185
5991
1107
9331
8484
4256
9944
910
4160
8626
7315
6031
4305
1805
217
2778
1073
9290
5533
6927
5305
2617
6861
8755
7101
9481
2055
2344
4287
7097
1652
2624
7174
2210
1372
6085
4034
3120
4503
4534
288
8858
2378
8532
9686
8027
7675
9419
8699
2765
2712
4472
2329
2090
1620
3154
4162
2348
2249
8369
278
1773
3469
7377
7140
5950
2360
5038
1297
1818
5422
588
1509
6944
1015
8103
4451
404
8870
6357
696
5642
3688
1865
2555
8587
8389
8019
4038
6897
4346
8415
4275
6044
4100
1696
5858
7587
5452
4333
868
3601
3015
1547
8726
839
4440
4478
2811
6761
7886
9513
7504
6577
3321
6213
3144
6796
9198
521
6999
6729
5443
234
6386
3544
3816
1571
5156
2390
9727
75
8010
9824
7790
1139
1687
117
9080
2362
2417
5982
9060
6111
2243
4662
9281
3060
7009
7949
7643
485
2148
4683
7133
7914
4826
8141
7070
9381
5639
4345
9419
9600
7501
6890
2282
7139
6006
9043
3526
6575
9757
3620
4042
2452
2841
4266
4749
5913
5583
2638
7567
4162
1437
8919
5670
4403
7604
2786
2400
9732
7516
1129
6027
2740
5255
4536
6038
6093
9946
1906
5341
6941
7678
3772
1596
6091
4542
4796
3901
9129
7698
638
4624
6102
9898
5831
9935
9231
