846
1146
7194
3518
8852
8078
3900
3449
274
4158
8532
5694
7094
2002
8387
7996
5617
1722
664
3705
6576
3837
7777
8200
5947
9251
4882
5428
4633
5670
8999
1904
1391
8776
7220
1104
4628
7583
9357
9117
7603
4060
1930
1357
7083
2146
5585
7315
5666
2911
8797
1544
2976
2754
4883
782
4426
7563
3588
3608
5006
5615
2142
8498
1873
9465
1917
9157
8041
6320
4134
6010
770
7433
996
6363
8043
2583
9499
3370
9946
6431
6490
1612
4781
718
3689
9267
2671
4202
2062
7778
8347
6705
6721
2874
9222
4117
9568
2026
9570
7380
5618
5590
5549
8997
5072
5423
3486
5909
6114
5425
6314
503
3686
4280
8083
9677
8034
4562
9116
7288
9412
4828
3331
8235
325
9845
1685
2065
6025
5324
4922
5567
2375
5338
9625
8857
4530
7030
4614
3543
1205
3444
748
7210
8046
6190
6193
8879
3268
3965
1372
5509
4747
861
5304
9325
9202
5753
5922
7685
7919
1886
3013
308
8183
5241
3891
3935
4018
2542
7138
7409
3653
9136
7725
1617
1829
8800
3709
90
2432
4100
9906
513
7552
7442
8593
2813
1696
3889
7891
9792
9279
6548
9067
3391
7682
1241
5593
9759
6338
7444
9943
9743
9192
2144
5199
2781
3441
553
3084
4979
2414
9924
483
3407
4666
6135
4367
4268
8280
8584
3875
3397
3906
512
659
4989
1069
7092
6328
4775
1924
2161
1300
8206
734
3860
1957
7153
5293
9464
4983
3143
7386
440
2623
4309
1187
8535
9551
9345
2481
2340
3948
9438
7758
4694
2293
9033
6252
2292
6805
5763
1783
7258
499
4261
3616
3650
4082
106
3445
1566
6747
8537
5036
6096
132
4325
6109
5630
3496
9795
6946
2942
1789
4928
9755
3694
2398
6691
6646
3695
2370
8052
5493
759
594
3260
2421
2146
194
7932
9135
7458
3072
6953
2778
5519
5884
3059
5192
8996
8548
286
2033
6593
8883
9036
1187
2910
1287
168
6324
9566
9903
646
8669
3393
3888
2537
699
7621
1104
6069
2199
950
3110
6503
9211
8514
8718
9947
9463
5330
5151
1437
7289
6232
9540
993
9760
6312
8671
4027
4381
713
4777
4230
3597
5248
6869
715
7571
5095
1294
80
1393
9898
1616
610
4432
2994
7108
9448
8104
5760
7116
2010
2250
7411
3069
9269
5386
8752
3789
938
141
5780
5730
2434
10000
6948
8765
9664
4259
2876
4274
7989
5006
4397
5782
4074
896
1847
4543
2997
2109
2609
959
3180
1504
5609
3844
5888
1347
1535
343
5397
4884
8438
4899
7887
7844
8572
4109
2922
5551
9300
4871
6135
5081
9620
2796
2552
5438
4544
2625
8713
8730
1517
7933
3389
2740
7099
8425
7627
5624
2123
1263
9960
205
7738
2498
4623
8156
8044
3768
6886
8834
5258
5
6116
7286
7372
9014
88
2594
6992
648
9733
880
5249
7016
6726
908
845
2707
5562
7100
9405
1212
2343
2890
3329
1537
2018
1390
2416
196
6312
4771
1357
8681
8063
985
5408
2262
6473
942
6311
3845
5010
9217
5634
9200
9429
474
2994
5448
4412
551
1286
1049
8101
9417
1788
5187
3588
7170
328
4782
3517
9354
5988
2722
8941
7082
7118
433
5071
9928
794
3722
7623
3334
7951
5666
5720
9802
1898
77
7646
3305
2583
6360
5013
6583
8239
6032
9634
1299
643
5982
5946
4169
3791
9848
6021
7132
9423
8708
541
6649
6458
5448
4093
5906
5277
8834
3419
514
6883
507
6160
3948
9521
5564
1378
7135
6414
6260
4731
9183
3387
6422
1732
9391
282
6053
2187
5950
1443
6414
2061
742
5264
9173
9387
7880
9286
8590
6901
249
4687
4789
6298
5357
2162
511
1698
1674
4973
8285
9063
2145
413
9646
7357
2731
141
2050
9435
6636
6874
5010
2555
2429
5887
7476
5120
5668
7827
97
5102
2533
4130
3193
6505
3299
6839
3078
9364
8764
3641
6119
2304
6719
4677
2963
5702
9924
7083
5300
8531
6897
3732
2556
9193
7094
3548
1709
9230
7595
2863
7487
3402
837
3180
7553
4234
4892
4157
4349
8345
3973
8096
2156
1417
4804
4691
9215
4909
8076
2244
2146
9059
5235
3529
9734
9197
2661
8187
7549
4666
494
1265
1084
8391
8128
9836
728
6547
6264
3828
3237
8882
3039
6078
6328
6884
3022
9671
2839
100
1063
1385
171
1844
1178
7325
3160
3862
4973
7414
5889
6009
7997
595
5666
4793
9572
9458
1230
5714
6758
2618
429
2681
510
2702
4205
9629
4807
1311
3716
1935
6599
5788
6446
5514
3860
9072
3581
4660
1410
396
3304
47
8721
3569
432
2401
5689
8447
6977
7331
9858
9455
6289
3362
5371
6587
125
2868
6167
700
2341
7539
4847
4979
9589
9599
1483
4927
9031
5590
4903
8804
7322
7557
3969
99
6043
7562
4668
3338
7209
5561
7918
8900
8335
640
3534
4593
2286
8815
7078
6187
5164
6253
6429
7067
5461
9792
1318
9420
4665
2893
7686
4252
9451
5036
531
7066
6195
6421
4604
560
6530
8832
3388
2150
7716
7882
1570
439
4265
9882
7951
9885
4469
7150
8100
6531
9099
7068
1082
5869
744
4398
4312
9167
9121
6675
5302
8854
1951
323
2697
6644
9836
1865
9175
3464
8120
6010
1218
9113
2254
704
8217
4782
6463
873
8893
7425
2600
2550
1534
6523
3063
4007
1470
9982
9601
2166
6101
3814
8536
3250
8191
6264
6041
3309
9158
6417
9647
4401
6602
8638
1086
1009
2552
8173
449
4150
4711
6895
7661
3783
87
6578
6269
4277
8120
7836
2508
3959
732
0
7311
3041
5149
3535
8640
7177
8781
5760
6720
5593
8323
5400
6164
1405
3012
6972
7792
6885
1259
228
6100
1643
647
3172
1021
5705
9554
4125
147
4164
4297
6731
7614
9982
1364
5523
3552
6602
7612
311
8663
5283
3153
4716
813
9788
3126
7353
150
136
5934
4597
9405
9200
5334
171
8845
3615
5580
5152
5889
3036
5458
4363
8704
4792
1260
2640
456
8567
9912
1827
6637
2741
4663
1348
1606
8741
7926
8814
3630
9163
4392
8728
8964
8178
1069
7476
6506
5424
553
5835
4593
2992
5224
9998
4677
3014
2978
1007
8947
7384
7549
492
5428
7991
3890
3824
5870
3461
5896
1679
2468
2231
4305
9954
5899
8346
1741
9549
2814
2570
3823
4897
6479
594
926
5015
5993
7767
308
6349
1180
5812
130
3485
4759
4725
4777
9141
2366
6274
9861
4273
4530
390
4591
2333
5733
2918
8686
7076
2101
4385
3375
8554
8331
9559
8270
4020
4849
8235
4376
4753
412
570
8264
4841
5618
2387
9848
8953
4166
9335
6725
6548
2818
6002
4907
4051
3515
5020
934
8900
6215
2496
9847
4926
6348
3680
4626
4939
500
4701
9328
6427
2059
4777
2338
5171
8842
2024
5595
1595
3046
4852
6193
8540
3520
7297
431
1287
8146
1654
8039
2236
8888
1364
5908
3549
5048
4939
2642
7445
6734
5921
5462
8277
6435
2127
2286
5098
2098
9322
7063
7374
3493
7273
2022
544
9167
4224
9288
8783
3571
6965
8407
4852
2620
8146
7794
3548
117
8437
1998
6141
2306
5922
2860
9570
83
3231
4592
9851
2339
3856
3877
176
3752
2932
5175
4029
5590
2871
806
8107
3069
3347
4094
4893
6881
2026
7306
5510
2462
2963
8916
8554
8771
7161
3150
6015
1116
6493
7218
5036
6643
3344
1320
5023
3756
993
6354
1035
6904
5898
1886
3443
2568
7773
7242
8304
2945
2978
1114
5448
2170
8643
6642
3916
7481
5961
1646
7463
8631
106
5358
598
3078
8289
2251
9144
1257
3329
1559
4105
8007
5618
7244
2723
7384
7957
2919
9151
1553
4926
8782
8073
3078
4968
4161
6108
3394
8534
7649
6024
4980
8543
8641
2799
5111
3653
2390
5198
8926
9666
8086
3184
5683
2478
3402
8766
8355
7648
5806
437
1491
4721
2722
1385
5690
5331
8260
4602
4534
9177
3950
3730
8779
186
533
4817
6326
6320
7055
6974
7396
4535
2924
8457
5632
8692
3098
925
891
5518
9532
5237
4789
5675
3664
3659
392
814
4780
7286
1294
9802
6267
6171
9957
3687
340
4988
8410
7123
5436
8847
8536
1367
4325
3483
6875
9796
401
5049
4435
7238
8416
4512
9792
3087
5197
2290
1917
6862
5980
7276
8401
6270
3216
978
9638
2037
6082
5320
5537
6057
151
8926
9074
2157
9439
9850
131
5560
2325
6685
2045
7562
4120
9359
4624
523
5455
7265
4136
7728
2744
120
1607
4322
7158
974
5651
365
5523
9718
3446
9291
3325
3867
2208
5444
5724
5483
3296
3809
5142
2477
5788
1747
2501
6650
9383
4291
5859
3229
2026
7629
7999
6387
930
9858
8628
5752
3596
2750
6836
5011
6549
2579
6619
764
9738
6806
3777
7687
5875
1109
305
155
7015
8674
4730
6405
8322
4873
3561
6617
6409
5959
7766
4812
9730
5704
1760
7667
1736
7807
8558
2846
641
4484
2820
4772
542
5959
2988
2443
6506
9221
5087
840
1455
6420
5681
5129
8011
5500
9302
4911
901
3649
2879
1174
7480
7606
6035
8326
2343
1365
4224
4210
6595
3702
5301
2352
8227
8840
7310
379
6900
3957
8323
5275
9037
4538
7666
9276
8133
6743
6709
9987
1355
6107
9244
6111
1652
7945
7676
5423
1050
4450
4457
3972
1425
9358
8625
752
1485
765
2168
1626
4141
5595
992
1664
814
9339
5649
6826
5784
698
2933
1527
2635
2258
7363
8658
9542
6620
1299
2877
929
5925
3942
9717
1733
8136
8826
5989
7838
159
3603
1962
1770
9112
1843
7437
6844
5986
9856
1775
7981
5133
9919
8727
5178
3651
7723
6557
2862
2616
9597
957
732
115
688
6096
4407
9955
572
4605
31
2480
1419
5577
2395
6191
2142
1351
2985
7627
8990
1422
8708
26
2822
5990
3496
506
5505
728
4504
2606
6965
3838
5133
5228
934
1329
1227
1299
8057
2417
581
243
6140
7721
9513
3617
7180
5520
4891
9496
4706
3101
515
9537
7744
645
5904
5498
8792
1166
7515
7973
6
8137
2758
8648
7810
4839
8074
5567
3430
6392
3961
8713
8689
5535
8052
1240
2851
7015
9956
100
278
7342
7983
2477
3621
3763
2218
3227
4273
5741
2394
8118
4114
3238
3484
7031
3336
3083
122
3664
4053
7158
2277
9792
6067
7547
9528
9058
6236
3159
6688
1266
8725
1515
1585
1756
3011
8693
9006
4108
4862
7353
7596
4872
4123
6568
7462
3951
4104
6477
4951
9597
3177
7375
4514
6161
8103
9236
376
2564
7526
2661
9513
6623
7803
7543
3851
4507
3816
8620
5273
3100
7607
2879
9013
9236
7886
3014
1733
7103
4985
7178
7915
1996
4091
6029
6216
7044
6317
6605
9051
6169
4618
2398
8511
7492
7840
5151
8728
7551
2440
4936
5645
5774
2447
9960
172
8385
959
2000
9200
9853
9701
6639
2692
4620
3698
931
4571
1538
8087
6387
638
73
1562
137
9969
9914
5748
2206
3730
8180
7633
9391
1016
254
506
5858
1503
3877
8615
4501
9241
5972
4277
7661
8891
8688
1353
5700
9633
1998
89
1609
6383
8823
8383
4206
7208
8788
6241
8086
2791
237
1533
9848
5927
7970
869
1471
3358
4102
3571
7895
4618
599
2360
2919
4034
1253
8247
3103
5786
3093
6474
3703
4137
4377
93
765
1316
8484
1000
5638
3804
3972
4071
5621
9968
6260
6591
9059
7335
8772
5634
4369
2814
9178
3588
3100
7081
2124
6314
5958
6282
5839
5785
8158
7412
661
772
3196
6833
2243
4495
898
538
624
1747
8992
9753
8105
9874
108
2650
4043
8769
7582
2252
4091
5001
6183
6519
9608
7419
1903
5571
4060
202
6639
3866
8012
5904
3169
8678
3169
8899
2967
8715
3495
5223
3995
9822
9477
3229
1265
7294
9505
9931
5400
9272
8356
7509
6218
4145
6177
3834
948
39
3771
340
6725
458
4544
9881
1784
4043
8071
872
7977
6274
8335
7674
6856
1321
1265
9764
9123
8232
961
8777
825
8289
3975
1407
7755
72
2323
2828
6442
2612
1222
4822
7952
1303
1267
610
3359
1611
9951
7889
5426
6177
2373
3718
8263
8194
9019
4616
270
537
5969
2852
7597
3993
1039
2085
7175
8863
8933
9428
4547
1997
1530
1601
4109
3389
5757
1473
6218
5870
5206
9011
1116
8187
2360
5140
1484
1242
6948
9942
9013
8459
9956
9436
8203
9647
1485
8060
498
1645
3946
5773
4849
7548
4750
4248
6261
8239
1970
6668
1558
2769
8346
2063
4700
892
7323
5942
2167
3771
7396
586
5107
5880
8340
6000
8353
286
9408
7907
8375
9440
1178
6088
9858
160
6360
5900
6976
5426
1153
9685
8021
9743
2837
9421
3860
5279
334
848
5063
6214
6166
7169
5737
7136
5143
6361
6589
2208
6278
1287
7398
1899
9404
63
1733
5145
9334
909
8992
5925
3099
1811
581
3474
955
6290
1159
835
7117
9152
5348
9493
4723
2344
6608
9988
9083
9822
182
7000
6887
1203
6090
7623
4602
6832
8605
4044
1324
3651
2316
4299
4332
316
7092
4215
752
6836
9889
7168
946
6183
1175
4076
9233
6560
3214
6475
4815
7149
6429
5365
6830
5235
6317
4020
6356
5642
154
6901
8211
3900
9687
5139
9172
4148
6708
53
1265
1604
4750
6884
4940
6451
9508
6074
1892
9509
4461
2557
3319
9295
952
7238
607
8280
2495
6544
2379
2297
1185
8025
2460
6476
171
8105
8264
1184
283
2555
4590
8316
9537
6462
950
5373
5057
3430
6073
1387
879
6772
643
1207
4636
1750
6072
6409
140
9587
5654
1012
7565
2280
2409
7583
2971
4646
4122
2289
1218
1050
522
777
3456
6229
4540
9609
8594
8941
8994
5637
1953
4111
7096
737
9333
6239
8089
9839
4063
7522
6223
7805
9660
2887
452
8178
4294
7729
8661
8291
1163
7924
9755
5035
9069
5156
1561
4873
6530
2145
2574
2416
5863
9794
4045
6154
6148
8614
1946
4171
9959
4033
7449
1522
6112
5177
4310
3704
310
1347
1992
4677
5204
5668
724
2641
638
4299
1703
9788
8355
1472
7922
3759
5169
8567
5563
7518
2287
2037
2266
9246
5124
9058
4584
1432
5151
1317
2281
9178
2595
3699
8898
6159
2354
3808
1813
6090
8122
706
9026
4357
8239
1233
8845
4469
2875
7945
4586
7348
326
8076
1195
7933
2793
7649
2828
8390
4241
8916
8681
1578
7381
6667
5783
1564
9156
301
8569
966
3087
1443
9525
2882
2556
94
2880
1784
6162
2989
3720
4350
6316
6979
3424
1128
946
339
9315
5345
6852
5749
6379
3786
7580
7394
7486
9681
6205
7981
7415
7377
8868
8708
5132
7591
4652
6552
2945
1190
6355
7050
9949
2648
4810
2089
4301
2837
4459
3853
4813
5096
3386
9243
6677
581
4127
8920
7873
1309
3073
5771
3656
483
4198
2294
6207
5133
3826
6818
4298
9288
3103
5931
1292
2076
4108
9705
5243
9895
155
3222
4262
3967
4575
3653
5941
5160
2666
9476
4411
5730
930
4166
598
5564
5924
5710
4085
1163
8144
4343
9979
8243
4265
62
8371
9736
8778
9687
7574
9065
420
1169
1883
7759
8981
5285
8157
8697
9066
5628
6226
6781
8724
2075
2177
1443
4521
5214
1634
8333
5438
2508
8410
5370
5076
6971
6962
6443
6419
5280
8305
7027
769
6280
6385
3362
2054
7286
7228
7566
9500
2694
6283
1027
5828
5618
1279
8922
4001
4316
6033
7947
6706
8598
705
5098
6787
6077
6602
4247
9316
940
8889
3842
3656
8979
7856
6674
271
5866
2984
7046
359
113
3734
5138
5025
4820
1256
794
4692
4497
5486
9096
374
5483
1794
3432
6537
8702
8081
2353
1196
1801
6652
6567
6394
3580
5457
8441
9571
8842
8359
7277
992
8087
3560
7681
3093
2445
2774
2991
5287
2391
869
8545
1976
1926
1550
1310
476
5553
3669
1052
4127
854
8505
2794
4934
9113
2845
8735
2768
1304
570
1327
9882
7714
6909
5416
6329
8856
2561
8586
9885
6442
3900
3011
5158
4977
7620
9470
2148
6958
612
8363
5528
5244
2263
5367
9462
5476
7657
5835
2905
3417
2028
7830
4358
5748
9663
1554
4234
5926
1206
8080
965
8024
5832
238
9609
2174
4646
3154
8296
5392
6936
7864
3434
8898
8296
9185
6101
1728
4920
3483
5877
7121
163
6762
8658
934
9565
8537
5655
2719
5110
1086
4093
9754
2248
7442
3071
9381
3951
7365
7116
1170
5748
7875
1376
7965
7783
3865
8323
8281
5656
738
9266
7861
6382
4750
2022
1331
7931
3001
2002
4674
3492
5547
7114
9682
6250
3655
2935
9909
1985
1194
5633
6260
8407
6956
8682
2106
5928
6353
2836
8700
1286
2730
6130
4701
9366
7367
4447
2839
1738
5129
3247
3719
1886
1443
3821
1962
8696
2160
5264
6802
6081
129
7023
3560
8602
9923
6699
1689
8885
7931
8451
6393
7249
1974
2604
8526
5592
1599
1773
9931
5612
7361
2858
7824
8701
1791
475
5613
9607
5516
718
9198
8643
7890
2402
5164
6029
730
9731
2540
3836
6271
4249
9171
2432
7882
6719
6695
701
9856
9124
6570
3452
3776
629
591
6806
640
4565
6566
267
2930
5583
8063
4353
1166
9996
786
4200
5363
9090
8961
4450
9331
4525
3737
3980
8820
8996
8410
2384
7410
7733
4835
394
913
6146
6666
9180
8424
1507
3681
5335
9300
6725
6347
3131
5867
7300
8204
4911
9673
5538
6431
6486
6453
9647
183
4724
9523
9370
116
8510
6199
6517
6055
7596
3667
6056
3777
2205
4373
8487
186
7427
5142
3531
1500
8855
6076
9674
3198
4410
4799
7033
4738
555
4594
9010
6359
4015
13
6879
2306
8387
6863
8034
5410
3668
525
7551
2820
4717
2344
622
8650
8962
6243
6139
881
3005
1302
7843
2518
6506
7103
1669
5509
8971
6968
7780
8790
1365
6565
5817
3949
1556
4180
1904
1052
6026
5195
5777
3870
9365
2618
9034
9129
477
5385
5172
6233
2626
5771
1285
4755
6431
3672
744
9031
6561
4255
155
1609
6906
5884
1346
787
988
6334
4656
826
7509
6798
344
7473
86
6329
6332
5908
4846
7660
434
1196
9325
9988
5636
8947
8091
5720
6281
5227
9095
5165
624
5156
5381
9592
4556
344
1236
2805
1900
5863
6367
1895
8582
9203
7544
2015
7350
9334
5693
7570
5239
7755
3745
1907
4529
726
8517
4962
4336
15
8386
6393
1821
2646
7809
215
309
1835
3998
1095
8780
3436
9091
3371
7223
7513
2870
4641
8873
7744
1219
6256
5861
831
9335
5643
8680
4700
535
1965
3424
5856
987
8955
4988
4230
3838
7522
9020
4260
937
7507
991
8440
9087
563
7838
1334
8908
5324
4770
8238
2177
882
189
7468
4652
4228
3752
1684
4599
2781
8183
253
1312
8711
135
1671
3104
9464
9843
5539
266
1547
5285
5388
4479
7729
3278
6735
225
3502
8920
4367
3598
7846
8675
6186
5514
961
8552
8882
1159
3229
1454
5798
1284
7921
4366
1962
7839
4713
2475
7957
7081
7685
4013
2901
8828
9864
2977
6529
5173
9219
4277
6279
2990
2222
6767
8725
4565
4836
509
5996
2986
8494
666
3883
5625
402
5960
7925
2524
6085
8909
2224
7239
8698
9432
2364
4365
2329
4518
1962
1440
7078
8416
6614
9663
6658
9574
6915
6175
6474
3604
7595
7650
4906
1546
2855
8492
7394
3974
8596
8540
439
6520
4453
3387
4807
1905
5330
2873
7523
3648
6833
6754
8194
6660
6083
9983
1991
5903
7475
14
8288
601
7413
9886
6074
5260
1685
1219
1835
6095
7892
273
8083
1018
9987
7383
5485
9269
3168
6012
4559
1632
5046
9227
9515
5479
7317
4657
7605
9052
2719
5409
8738
2312
9774
2845
7
6042
6701
847
886
9051
3220
8930
1866
4439
5374
3964
4318
7598
9033
2463
6508
1917
559
8896
1462
7089
3137
4377
1412
6172
151
797
3890
3234
7206
9372
209
3456
6311
3876
424
9479
7926
4229
9079
8418
3073
2555
932
1011
3644
669
5253
19
8045
6424
8738
6430
1923
6315
4258
2315
6139
1266
9672
2806
3900
4522
2262
5439
8405
7652
6922
9344
1726
5149
1454
2753
8077
7165
4749
271
3033
929
3650
9901
4457
5940
8772
7210
7589
2465
247
4648
5118
6535
3035
864
4427
1488
4820
8162
8899
9150
5290
1637
1849
5828
5061
5752
6876
1940
7187
5873
8287
8262
5480
6087
1400
3051
6716
7046
8150
6340
4711
529
920
851
1721
4223
9769
5002
2421
2105
3456
4469
9577
1491
5335
9943
1883
8200
5715
7480
6825
9789
5405
5603
1127
1315
9349
7890
1345
7106
5103
3354
5793
3577
718
4061
1463
1433
1650
8791
9354
5351
7715
4912
1299
4553
2158
252
4364
8644
2155
9021
6378
4475
410
2766
5310
5896
155
8089
416
1503
7451
3529
4550
5025
5679
5731
5055
6515
4434
2185
4090
7303
4228
4575
8154
4377
7226
9571
8501
5514
4975
4356
8851
1681
1920
6710
3279
5764
8844
2225
8567
263
2311
7781
1177
9346
5749
2333
6374
3027
3189
301
1405
234
6615
4476
9981
6386
8389
2887
7743
8793
4395
1723
1046
6570
4350
5573
4479
3907
6061
1090
3415
8406
798
7991
2613
1637
1794
1914
3803
5019
8451
9353
2320
9333
7494
8
6707
2375
8745
4583
4946
9956
622
4723
3182
4694
5941
6086
4333
1012
4186
4138
9578
2318
8652
8161
5743
3811
524
9610
2026
8904
6977
9529
7394
278
8964
3993
1983
4885
7581
4607
2167
6064
3981
2071
1801
5066
7459
9043
2010
7947
818
6303
5568
833
4112
5117
3754
3389
5459
1154
1098
4782
8083
4786
719
6579
8961
8563
2618
343
7689
73
5918
9796
4869
466
838
9808
2674
8011
4144
1577
7332
1939
902
6985
9727
7734
5788
2256
4379
7324
651
5509
7051
7583
7404
1072
5891
1537
300
741
5253
2229
7838
6114
3775
5956
9458
9191
4274
4523
6130
2236
947
248
1089
4465
3664
5055
2732
7043
3243
9889
6622
6207
5568
6828
5720
9513
7851
3414
5214
2580
1932
3938
6117
38
9311
468
5859
954
5794
1965
3731
4937
7843
9646
1100
4874
5301
2576
6851
4750
7804
4881
4755
1707
5066
5808
3185
6112
5693
3686
5369
3982
8956
7998
258
7342
5060
3058
6821
1155
1364
3145
700
8767
8144
4778
7151
5171
6667
5920
5557
3228
9825
846
5398
1944
8141
7958
3013
2622
3532
7152
8756
579
4986
7884
5731
8669
2258
754
8059
6571
9023
1551
4134
6738
1743
5624
1672
99
2608
9727
7985
6376
8543
2652
9608
4156
4784
8306
1339
1131
5199
7808
6182
4558
2016
4069
7775
4572
9493
9653
6350
5629
5206
8869
4089
5665
7270
8839
400
2401
3150
6409
6086
6019
9080
1304
7320
4951
7128
2235
5342
3976
4807
5944
9567
8656
8256
7535
5434
7766
710
4562
853
663
5729
2606
2162
136
5613
3509
6603
76
7137
7711
6991
3881
6677
7850
926
5551
4851
8893
1166
8499
8559
1258
1056
8346
6850
7217
3512
4961
3637
1080
7650
8383
9989
1172
9459
5931
7027
6841
255
835
690
7755
8577
4770
3372
1760
312
8560
311
8341
2311
4083
2540
2073
1474
423
6397
3363
423
2444
1133
7158
8029
902
1451
235
7025
6991
289
9075
818
3241
4293
9883
2393
2222
9174
1803
8149
7828
2499
3051
6216
8520
5173
8506
4178
5761
9828
5518
2443
9553
9934
3858
5274
7056
3289
9571
9451
903
4949
6205
392
9383
1917
5508
1266
3918
7962
4294
256
6528
8123
5585
3425
8232
4925
6378
2901
5734
1999
5911
8094
8315
1368
3260
6607
4522
1757
3074
9445
5415
6584
8909
9618
5548
7420
4366
1055
4492
3559
3376
5595
5976
7131
8804
6138
1872
4505
6720
8838
8150
7577
52
6528
1445
7449
3722
4109
686
507
9377
9996
3492
8699
7833
9276
4075
859
2647
7830
5333
9524
5946
5648
3391
6632
3875
7214
9378
2753
7131
3781
777
201
3990
4625
2825
2491
9728
4608
5388
8964
7189
9135
1394
2836
3734
4125
5534
7670
8343
2871
7058
327
612
4797
126
9412
4611
2343
8885
9168
9079
6888
8803
5400
9269
2952
6223
8469
8222
6989
7308
1090
1945
4923
3984
217
3206
9131
7724
4406
6993
4100
8348
3224
3996
491
9124
5674
5290
8539
9920
6709
370
9621
8944
1949
8106
4329
9389
2962
1393
6852
3765
2160
1312
4825
5985
1590
5297
1648
3714
3933
5605
742
3451
4877
2701
8129
8879
9478
9553
413
955
2605
1482
9911
2299
5325
8533
1576
6488
9425
1145
2556
8041
3198
8065
5509
2139
94
4826
8930
5111
1997
8691
7104
5585
2740
2297
9988
1355
8008
768
6703
2920
9758
9258
9903
1082
68
5699
1336
6942
3474
9338
9375
469
2582
8115
8207
7423
7292
3942
9426
7193
7478
9518
702
3068
6975
1688
7959
3038
8715
6732
8480
678
8801
3552
6225
5912
701
4938
4442
7110
8513
356
1808
2546
2116
5504
1225
6508
480
6784
8626
1319
951
3491
9529
6714
4366
477
6193
3192
6913
3369
1659
6198
6821
9522
7230
2108
2893
1436
8200
3309
5718
7238
8418
2952
4486
3557
9479
2683
9079
6772
415
3635
9355
1033
7502
6494
3321
3089
1975
7463
9565
5070
555
6259
5626
1498
2839
549
5374
771
1647
294
9482
5305
7517
3893
4301
3307
7985
7887
7233
6174
9339
7787
7356
6808
7960
5091
92
7006
1936
4604
6724
267
2680
7064
8342
6051
6164
9281
4243
6689
7727
5026
4431
2624
1932
3595
722
4666
758
8942
8171
2209
7442
5161
8435
178
57
7839
8215
5627
5257
8304
5395
4106
2782
9244
5108
371
3383
6300
5179
3472
1902
4246
6775
6330
8802
7935
7423
8468
9423
5099
3505
5072
4724
1094
9475
2172
9402
8231
8835
1872
2836
3072
5141
1125
4119
9173
5747
7179
5416
941
6963
240
9220
1381
7603
6160
10000
1371
4568
147
1687
200
651
8109
6140
5363
8649
6790
1862
6758
9356
342
2569
4967
7629
8538
4976
5596
9703
9461
1387
1004
880
8151
6791
6774
8325
1650
2999
1651
1354
8556
8469
103
3499
8821
8619
4380
4434
1188
8914
1946
2575
8271
2738
3520
2501
5763
5737
8652
1948
3748
1968
69
7811
8047
7965
8820
3496
4597
6836
6777
7914
5463
6845
9390
410
2898
3593
7544
1835
6225
5076
7775
3242
3785
4227
1766
8596
8373
4226
5813
773
7018
6456
6748
2867
2760
8361
4732
9733
3797
9292
1860
3001
7058
163
4656
9156
2792
3396
7746
2961
7414
1011
9980
4443
6640
4354
3975
4076
2272
1054
9288
3720
3452
7086
5901
3072
264
821
8183
1177
7128
6434
3961
9419
195
9168
3164
1777
2736
7421
8463
1665
5799
9294
8399
1182
3784
9978
5354
1509
9415
3068
4436
4826
4992
3849
9332
3025
2181
4667
1542
5780
5162
7755
5048
7213
3909
3226
7947
8404
2314
4733
4866
3951
8942
7975
3212
1896
5076
1576
6155
1637
5563
7422
7545
1493
3539
9418
627
6005
4453
9439
6414
4003
287
1528
5529
1097
161
3338
4661
1737
291
4862
6358
7604
3160
5779
4482
3234
789
2373
7841
6892
4388
4356
5019
6553
1440
2798
7326
6802
1222
3788
1577
4236
8428
3551
3209
6902
1747
6172
8566
5899
8108
6821
9745
6865
247
1865
9458
7844
9546
3515
6757
2687
7417
7550
5276
4085
4020
386
7291
1954
8090
5802
2822
5049
5991
2663
6378
6948
9563
7511
1032
5094
6795
2528
1120
1249
7185
6224
5129
8593
6596
4497
4697
1900
2083
3188
319
1979
1128
7692
7544
8264
9490
8919
2571
7554
6132
9793
8039
5102
6827
6793
2321
521
6961
1059
4304
3233
1059
1479
9426
6270
2754
4170
6826
3122
6964
4566
7649
4506
1624
9840
9987
8325
4871
9871
8227
6328
6413
6885
5310
9346
4379
4608
3889
3442
8118
4847
5061
4141
4726
2780
3004
4877
7564
4304
5600
2159
4752
6465
2132
8025
9920
2341
4061
8159
4296
1636
5939
8653
753
8438
6050
3287
5662
2655
4581
5179
8191
5623
951
9862
7024
5594
5479
9468
915
2136
9226
7259
6265
242
6283
4790
8412
7516
8667
1534
8567
788
9458
7921
3060
5406
1845
5541
4209
7959
4802
5165
5970
8838
2686
3434
5981
5238
3597
7049
7482
4065
64
6859
1055
2658
8670
3807
9679
5935
5886
7798
9298
1194
4755
6436
9882
3471
785
5544
7861
9603
8471
8088
4201
8743
7446
4527
2621
9250
8555
6785
9124
7844
9469
7172
788
2100
3120
6764
6019
846
3077
8411
3788
7589
2423
1477
8115
5599
5947
5368
1437
5064
8616
9116
816
1934
7260
4574
6167
4380
7923
207
3126
2302
6932
6114
7224
9817
1142
6291
9677
6271
778
421
3098
8794
5592
6392
9628
5577
1902
1207
8192
8510
7702
3217
3821
7214
6062
9019
8402
5921
6344
2914
6290
3891
6021
7073
7952
5659
119
6824
865
1992
9261
5662
382
9245
2308
9815
8345
9317
3788
1015
129
4344
3711
2716
8482
4114
8000
8212
5365
3990
1435
4813
2766
6100
2480
7378
5200
2653
7270
9328
3612
3490
9643
5444
3694
2259
4521
7613
6251
4093
6165
9433
4383
7115
4092
4793
1395
8107
4758
4392
2377
3674
3393
6012
6981
9292
640
9749
8496
168
6481
7102
2506
8550
8682
118
4147
3846
5238
3753
2883
5791
9880
8028
3809
4954
3259
8718
304
7866
8406
4682
5583
9745
2429
2147
4809
5824
9015
4302
8983
5401
3793
9583
4767
1148
7827
9739
4496
6577
145
7605
8971
4938
3114
4211
3102
2215
6777
6412
5646
7073
3519
4189
4478
8318
2155
105
5038
1923
5431
8539
8511
9293
1350
1121
3106
6177
2885
560
7595
6249
4201
1069
9100
7089
1438
5651
9935
7705
6672
9170
9465
6468
4234
183
4965
1901
6507
717
1088
8916
7791
340
9804
5800
8937
6733
7627
2971
3347
9217
5219
8326
8870
611
5194
557
6022
9223
8667
225
2566
2197
5717
9737
1098
3958
3307
9889
527
8939
8993
9778
4098
7827
1455
9007
2481
6908
853
8745
2286
1597
4721
5257
3499
7598
9416
5288
6712
3632
1420
7999
6515
8603
8285
5607
5831
6145
7862
2918
7323
2076
3415
7324
8319
3427
827
6699
8013
8132
3647
7371
666
5015
928
6715
5605
7141
2701
3784
4865
1584
3647
7906
8415
1580
6841
8242
4924
5231
8956
9666
6748
1904
828
6809
7810
1796
3528
8903
966
1984
9167
4057
4367
5535
337
8104
7559
8912
2610
8124
4182
9841
288
3276
8502
4877
5092
7320
6465
5641
9981
2604
8572
105
5293
1569
4635
52
5383
3060
8402
2308
8977
2071
4229
4533
4609
4212
4516
7184
8310
5219
9064
6717
4755
1872
484
7472
8638
5031
5124
9409
5309
6342
9159
488
1602
9181
6347
2310
2428
4554
6797
9573
7920
1631
5274
5943
3820
3932
4921
5441
5584
9042
4520
5543
8804
8654
3002
8355
7080
9046
7783
8427
7377
8604
5107
2517
1825
2208
1884
804
2834
9043
9261
2107
3011
3568
8223
1688
7227
6523
7492
9586
8727
6362
402
3469
1568
8919
8522
7222
8081
7810
6998
335
7912
3983
5505
7090
4425
4751
485
7197
3897
5322
9631
8574
4981
2429
7822
9701
8556
624
7265
2629
4183
6438
978
7368
2856
8279
1794
9693
7928
188
1236
6492
4256
7604
5370
5168
7086
5126
1018
9029
2401
1410
867
2821
4535
4941
5703
3828
294
4646
3619
9695
7107
7664
382
2844
9035
4903
9756
6376
4879
883
4934
2665
396
2571
5672
4633
6900
7915
9855
3342
3781
8362
7433
7520
6849
4847
7056
7717
4085
489
7843
1638
8663
1114
5325
8750
1037
1281
3702
9271
3602
8068
3357
9289
5544
8961
3058
6620
4090
6672
9903
1378
4726
2638
7214
9461
2548
1807
6934
6648
6676
7529
1685
4210
9463
8578
3396
6576
8834
4272
2545
253
1716
2264
9661
5348
2641
831
4553
6475
3482
6041
857
5884
5641
922
8345
4312
7179
4903
5025
1013
3039
9390
5305
9771
3052
2039
7646
286
6809
7878
8781
1107
1126
7628
3982
4504
6953
4463
1749
2509
157
9323
672
9324
493
1660
6917
9196
5138
1487
8090
7881
7027
2404
2836
54
6492
6570
452
8325
3694
2075
591
5309
6115
7152
855
6053
6732
590
154
7079
6256
623
8194
2469
4348
7021
4216
9121
5936
2281
4805
3195
8217
8971
6022
1406
3888
548
5473
4307
7867
4238
3949
1217
8184
5885
4010
2743
5981
4603
6720
4366
7495
6377
7401
3741
2804
4356
9535
3840
1746
5904
1117
6786
6734
2208
6180
8752
8928
9112
891
1494
2746
3802
9428
1901
9089
4778
5289
5323
3118
7121
6723
972
4925
3294
2083
9213
3666
8828
7824
797
304
230
1787
1221
1705
7235
5527
2650
4584
7644
4559
4198
9431
7881
5778
9845
5172
601
5900
6251
7365
9854
7445
6190
925
9738
9878
4409
5672
6230
7649
9137
6687
333
7596
7523
9984
9829
546
2708
1610
2984
57
247
5778
9337
4727
9636
7810
2203
8300
4632
5306
5030
3942
7990
4351
2286
6066
7747
9091
7297
3445
7952
4514
9473
582
6983
1900
9251
9952
3514
6796
1977
671
9988
9648
4541
4840
7552
3120
5505
194
8705
9942
8209
6004
6901
3671
5051
1801
6437
7746
8149
1036
6820
2987
237
7534
5934
8376
4416
6155
5827
9865
1682
1908
3904
2763
8176
6259
2351
9483
4468
5475
1815
9203
8559
7157
8085
9503
8981
2408
1828
9370
3500
5369
2677
7048
9106
7347
8578
1180
9599
4915
410
2712
5726
1144
9920
2880
4773
4872
4958
30
9575
4195
4654
9344
7176
9830
9738
4432
6494
9565
8298
586
1107
2570
5692
9186
2162
6628
5653
8386
8163
8042
125
2019
5893
125
5457
1552
9430
7747
813
8648
7054
5484
5439
1518
4801
3642
2290
5226
2823
7614
4343
6895
2809
5106
6396
8050
9879
596
219
5962
9983
161
7516
8001
5182
5817
4357
5059
1512
1502
4172
6667
7248
2063
9261
7618
5881
6571
383
4898
1861
3575
2565
740
360
156
2083
3744
8596
2558
3935
4789
7728
4681
9313
380
8736
1434
5960
559
1661
4627
9889
1560
6293
5425
7505
4276
1367
8709
1539
6352
6005
2743
5496
8826
9675
5289
6981
9291
6047
8070
6192
721
4249
1405
8784
2918
4442
9001
5187
100
3924
5444
1604
4167
8165
7404
7233
231
5609
723
1723
7941
7427
802
5469
153
7114
9729
9517
786
9156
1417
5955
5792
1055
9677
8529
868
9249
2033
4
9985
8450
3796
4695
6311
7611
4655
4458
9611
6873
652
5900
7073
5031
2355
2255
3046
6509
8617
986
7776
476
9847
7015
8645
5503
7307
9526
2995
6671
5312
6728
1022
1529
248
1654
2324
9662
2072
5388
6476
7774
4436
8344
9954
2348
5752
4438
4205
3814
2905
3040
1152
4621
41
3795
4522
8654
1353
7594
4678
4376
9194
5923
1714
7941
5704
3587
2064
4099
3021
5036
467
581
98
1622
4468
8498
1528
3401
4389
2940
7325
9502
8653
5784
4634
3051
3612
7919
5858
4648
8892
9696
6079
9149
8574
6235
9889
5887
5085
7260
932
5392
5399
3587
8540
5072
1336
2423
8999
3328
8620
6861
5209
9270
886
1202
8450
9152
5473
443
9475
4222
7947
2365
7341
4171
6725
6986
7667
829
3245
4051
934
2940
4107
2118
9027
6512
8871
8374
4978
3746
871
2829
5180
4336
4593
9043
6727
6240
2629
7055
5525
4891
3196
148
3076
5721
893
1161
8107
9574
8744
97
6425
1319
4845
8286
8993
7163
8304
2453
4646
8243
9009
6569
6320
4009
9950
8493
7727
4724
3552
7388
3840
9126
74
9733
1007
3027
4895
153
161
8990
4263
8034
2260
1733
7860
4154
3106
1403
6761
7904
1087
7538
135
6554
2310
3173
7657
2965
6253
6689
5047
131
3235
7646
3459
1477
8137
904
5289
8465
9679
8920
3862
9975
9470
6729
1139
905
8132
5154
8969
5554
5753
7294
1577
2936
5090
162
5754
8982
1990
7358
8302
1345
5502
1956
6212
6649
5704
5013
1061
5093
4126
3713
5859
7696
5522
636
2339
4955
7532
3991
920
9032
6308
3978
9920
5108
7981
7772
5107
5502
448
7720
7256
505
8411
83
5525
4513
3338
402
4132
16
7337
2648
5814
3067
4267
2889
9126
6106
2633
7819
2630
4802
1645
4409
6680
54
619
3707
966
621
5873
9326
7304
3269
2589
5738
857
8608
4032
8812
6535
6277
6347
2197
1905
8525
2331
5140
9646
4069
3596
7220
6199
332
7373
2172
929
2960
8000
154
866
2116
5492
9287
5519
8943
1470
6820
5285
580
38
7431
3686
1590
9847
8351
933
2140
2637
8299
4212
1203
969
4754
7122
7963
3164
7034
2162
4172
9925
5236
3618
9898
7047
8611
3569
9487
9907
348
7667
1470
3158
7646
7332
4032
8964
9895
6872
7794
7624
9721
9889
562
6036
9693
9503
2222
1414
6139
1930
383
3096
3678
4396
7192
2322
8550
2089
5539
3765
6494
7150
7102
9197
561
3023
2073
4172
3387
8435
7730
9165
4839
9238
3592
6164
7163
8244
8157
6507
2994
3602
3229
4589
1486
6581
1044
5679
8167
7634
6455
955
5931
7988
6993
736
4305
5617
687
4537
7741
5652
1148
3453
6148
1232
5290
3617
3495
1991
7780
9262
8055
5629
2866
7183
4368
8880
3041
4132
276
560
2071
2644
4718
4842
201
2938
3251
7587
1130
2361
8920
5253
2656
9579
7679
1607
2289
1346
5476
7594
1593
8282
9566
9467
3049
4017
5298
1979
5524
310
7940
9465
1538
7674
1220
7259
7609
3174
9903
7727
1628
7308
3595
2758
6896
310
6174
309
3218
3336
9481
4135
6236
4096
2657
6368
8760
9287
6083
4693
1065
4629
166
7613
6049
9033
9794
4220
4999
5736
1915
7020
5622
7130
1015
3162
4331
4317
5817
1021
2734
5703
7347
9747
8178
5120
1457
2473
1678
4448
2157
5190
9256
4000
4923
2316
7311
5602
7563
9598
540
3222
7875
2367
6583
5701
3319
8836
8172
7424
1342
2471
6714
3706
2990
2194
4935
7224
9511
8353
1755
4977
2763
3909
9571
5369
6401
42
6558
7788
1273
8850
4290
6073
9989
209
2674
6862
1520
5689
8017
7352
2146
6708
8283
9180
9665
4725
2063
6572
8991
4016
1242
612
4620
3712
2655
3465
8188
7816
9210
6459
1781
8504
4206
1933
8216
8811
6441
5690
107
4779
1848
1324
1080
8041
2274
5778
5286
5800
1071
5033
8125
143
7943
266
8746
3768
5356
1176
105
6286
1747
6120
8218
3191
9779
1436
5410
609
8974
7965
1652
3419
7347
7042
4904
1122
4429
1665
2336
6762
2833
8341
6972
3266
5154
6250
9766
5852
9508
5831
6313
2675
2988
3709
6354
7364
6291
4115
3386
6442
4117
6719
8442
659
7118
3260
4506
4144
9643
1365
220
2332
4437
2830
4235
8194
511
7930
4978
4626
1365
528
6928
2562
3897
4083
5455
6759
7385
996
3007
6675
1156
2286
991
9227
3703
96
6735
5844
5694
2010
7035
8079
9601
2655
6671
3407
6803
4278
4529
5187
2619
6901
3280
3038
8940
6491
5354
7836
2453
1729
9018
8365
9386
9658
7297
4444
7741
237
3064
5824
722
7510
4487
7179
7559
6230
5139
3781
5021
6978
6691
8203
2866
5605
3590
8146
1265
2878
7831
8894
1803
5867
1556
5373
7749
4907
1938
1917
8623
1162
6795
3357
758
5303
7173
5754
9219
5873
7923
996
6305
7740
7741
5482
7494
921
1214
9326
6403
7551
3721
4397
9998
9269
1195
298
1328
8784
9893
4544
146
1682
8276
7870
3339
6128
1498
1569
3211
6701
9781
9483
9506
4715
2056
9916
1483
8686
4176
4693
3582
4717
1358
3034
1571
6374
2111
1261
2155
6097
8675
5267
4110
7136
4464
5116
1139
5276
2275
7411
1700
1403
848
3520
2462
1343
9517
9739
5829
3096
8550
2558
932
3094
3206
496
7633
6855
3809
3834
394
4802
6468
3186
9350
773
4286
3773
5663
9233
1774
2823
6734
7532
3031
7287
3591
3773
3932
6753
2105
3764
8085
8910
5602
4000
4705
5851
5733
6896
5732
455
9487
90
4033
477
521
4726
8695
7543
3462
8788
4582
766
4658
6575
389
4621
7641
9473
9485
1900
1433
6492
1194
2652
6570
1108
7857
2577
8255
5011
3536
4034
5877
7501
9473
3874
3016
3885
2671
5468
2544
3147
4706
9956
8096
8744
3756
1688
6073
1514
3675
4174
1518
2139
5932
1241
5091
5194
9420
9976
8896
9059
4611
2168
1502
7160
7743
167
7786
330
5495
1684
2001
5091
5591
1347
3802
1566
8246
6498
8819
4993
8219
1851
2456
1091
9651
5953
5698
8512
2660
8778
3627
9846
5077
1309
4252
3705
6026
7072
4130
7660
4902
9683
2622
2934
9472
1102
1635
4382
8500
4060
2542
1168
2623
4399
6480
791
2797
7563
6715
8789
3850
5973
2381
4053
5823
5039
4609
5916
6753
1847
8437
1516
7037
8003
2197
3925
9591
7144
3440
9406
5620
250
492
3028
4510
9665
5685
2368
2581
808
2114
6429
57
9452
7605
7312
4526
9181
1041
3460
2627
78
5411
3534
7016
7271
5159
4025
5024
9589
4093
494
9518
1096
2337
3855
9193
5089
4773
822
507
9968
3675
2609
520
5458
8007
2317
8347
2259
3422
2889
214
7242
343
5469
16
1250
8064
88
33
5629
924
4867
2958
4886
4583
593
5715
6343
9652
1866
6599
1284
4106
4634
5944
3562
6701
5406
1847
5139
1340
5108
3545
231
4065
4140
7792
3549
563
1105
7310
4834
1797
9104
8046
6331
9590
7894
9115
6326
5799
3887
3529
8539
5494
4539
168
9386
6897
1222
9284
9106
6861
5412
2478
2545
5659
2456
8673
4866
8138
1774
2559
4813
3365
6796
3080
4118
9362
2254
6014
8781
7453
107
4829
5134
920
6415
3604
4461
3265
2940
5894
3249
6901
1535
4834
6930
3866
2040
3434
4488
5852
9586
9147
3019
4635
9254
4169
4383
328
3268
9142
7291
8352
2963
1937
7979
6343
7492
7643
2888
9050
7463
6997
5833
2415
8365
1498
5303
1576
3053
7057
3520
1085
2091
2831
5755
472
1794
6027
1366
8985
9213
8932
7950
7635
4367
3455
6802
6306
2525
3140
5531
8249
9561
4835
9094
4147
6499
8648
5460
729
5530
193
7747
2853
7883
6222
9408
2283
2320
3070
5034
2744
5000
1015
8011
1660
1510
4684
3771
9248
2617
7675
7459
3408
7092
7733
5147
6882
7271
1351
1976
7220
4740
665
1136
1909
114
1205
8879
4268
105
2229
8574
8047
737
8993
1207
1957
845
6578
1816
5201
4144
3719
5149
2654
1541
204
3660
1044
5353
3213
7455
2320
4739
7512
1545
8962
1907
2883
9584
2088
7412
3739
7382
9669
6145
1896
602
4286
3561
1725
8534
2701
1878
3802
9469
3080
7974
9917
4208
2307
6386
1966
6911
4692
5964
1340
4163
5188
9496
8957
2371
7208
7627
3898
2880
2718
3542
9090
5965
5426
3978
6148
7464
5655
3347
3585
1796
8639
8349
115
3750
6615
8139
6681
7516
873
5228
4026
3100
1446
5303
8934
5488
5933
8318
1327
1191
6923
9177
9719
3802
7062
6909
1164
4216
3890
8125
8520
130
8267
1583
2264
2058
3138
1323
5857
3540
3866
4828
9541
371
9851
2816
9150
33
2559
7691
732
4979
5434
6223
7727
6273
4037
2302
8576
840
3242
5436
1194
3745
6510
3709
9886
5178
2119
6793
8328
0
1537
3877
8823
7738
5650
2325
8998
9175
5500
2179
2524
3079
6679
6223
3173
4858
8501
3427
8209
2192
7471
4724
2785
3614
9328
8746
5964
1746
4430
2085
2944
3283
3031
3509
9339
9590
5302
9489
5502
7026
5739
796
8164
7908
5453
440
242
5699
4684
7820
8424
8980
516
2294
3596
9998
8351
6595
385
2037
9598
9615
8387
5011
569
9849
5920
4692
1241
5815
6975
5556
2101
5922
139
9247
3603
9027
6976
4127
5896
2983
7637
347
2110
9864
5574
9370
9176
2856
1254
709
4595
705
779
6559
558
7549
1747
4091
1556
7585
5880
4228
443
9619
2560
5711
5782
9129
7479
9071
4371
2390
1430
6965
7426
8471
8232
5817
329
9381
9825
936
7788
7777
4120
9779
1803
3795
3
5984
7196
2456
6541
7805
9416
1884
6775
5328
5241
3095
9785
3654
1232
9258
830
4878
1226
7216
4069
3510
210
266
5693
5150
8103
426
1785
6936
830
4509
8273
4997
6910
7815
5771
1330
2231
2474
6530
6620
7840
3589
9421
4434
5462
4132
8683
8495
5709
2850
8995
7150
215
6294
2721
4204
563
5632
7322
9463
5761
3987
9140
9800
9311
6272
4762
1167
9343
6490
187
4000
8773
10000
7582
4666
9177
4819
3933
9008
3232
6129
4642
2659
5655
2134
4569
8448
9798
3657
9088
3405
5211
6759
2306
7399
1995
3438
820
3815
7747
8816
7188
5118
4054
8392
5340
115
8681
4993
3123
7054
1304
4081
5982
3456
2362
6011
2393
6929
2253
2585
5063
905
6572
7662
7841
1370
5347
997
7081
7704
5750
2057
7976
795
1551
644
8560
3937
5660
3465
8624
971
17
5272
7381
8736
2924
8212
6291
6178
8916
4381
3441
768
6943
9239
1696
3272
8762
2970
9127
6964
1191
4857
6885
7242
3199
6493
5320
1322
4530
1708
4483
5213
8780
8627
7654
5417
7917
2893
4957
4412
6565
1487
2159
4409
6155
6114
4292
669
5498
2396
8437
1372
1685
7306
9191
1063
1235
8414
1847
9686
8365
5312
7499
4416
3618
1218
9774
4347
1973
244
3001
3190
594
6105
8235
6678
6728
1861
7411
8087
8192
8338
7686
3403
4717
2315
9454
9431
2948
6249
7494
5524
3337
4693
6963
358
4300
50
5141
6909
6365
2960
8990
4299
2572
1934
3478
8438
2170
463
6776
4462
97
7456
9941
1791
7785
6250
159
2604
927
5785
9008
1826
4058
949
5566
1762
3466
8037
9425
6456
1844
2814
3395
6329
6045
881
2950
4711
9715
2969
6869
9890
5640
6741
4993
3852
9320
5611
3174
6365
5275
1868
7639
7329
8280
3100
6557
8012
427
1669
6936
3136
5407
1263
4807
2985
8352
8630
742
9067
8242
2669
1069
6027
9077
685
1866
1027
1253
3130
4227
1559
694
7911
2431
1732
3451
7689
2810
9049
7372
8532
1373
1766
2657
6549
3994
2920
3528
9105
4249
9924
8085
8730
7847
4800
2851
440
9400
4220
762
2387
6048
731
1192
8338
939
7445
2360
4539
9163
5883
1304
9352
975
981
6440
651
7254
3913
1921
1737
5628
3668
6388
3096
547
4768
2628
1690
2369
428
2450
2829
3397
1843
8468
4136
2651
8874
229
8796
4676
5859
1120
9640
1161
9767
1065
3089
7182
2355
9540
2023
2740
5515
6256
2530
3221
2574
420
4533
1710
9682
2627
1775
6860
6628
2031
2163
46
2263
3730
785
7535
566
9135
4102
3864
4601
3454
7714
1440
5146
4356
5993
8456
4336
9397
608
3445
948
4918
4520
3474
7015
5493
9267
7333
2770
3719
8766
3568
4568
6430
3011
3884
2277
4391
5038
5478
9654
6090
2208
5343
7946
9157
3564
1997
4920
2302
6984
6855
4352
2108
5879
2588
6965
379
5900
6493
3193
4089
1566
7496
4267
1132
5149
3064
296
2574
6061
9838
8368
1876
7856
2800
7166
9776
3368
572
1158
2800
4017
2628
5714
510
6956
1482
6127
1023
7403
8983
7403
2296
8889
7632
5834
7257
5193
4481
4981
5529
3985
2513
4166
3256
8970
3444
6554
5602
4794
6678
9285
6927
5692
4971
4186
4643
4114
6459
204
561
3706
8625
6045
4369
5224
3168
4225
7204
6117
3423
2675
4517
9396
9434
8674
801
4980
8206
3016
6085
7540
9176
2942
5447
7044
1892
4404
6213
9912
1386
9722
9979
5667
9572
7223
83
9868
7525
6216
5441
5037
4264
4653
8875
7934
2259
913
3953
2495
5540
2070
827
8070
1178
6582
6202
4779
1824
6624
7741
4552
8485
6444
3172
2870
6133
7411
4110
2275
3107
8986
4451
852
8315
4388
189
6336
4175
9538
7231
3340
1024
1437
7733
8566
85
5692
3113
5429
4832
9575
2708
853
6599
5721
5499
6715
4548
2801
2179
1346
3394
2753
1147
9873
6972
9552
4928
8864
8888
9656
6987
36
7130
6838
7023
2773
1853
1409
2069
2775
6956
6070
4224
2461
3099
905
1173
222
3767
6766
2630
564
1711
40
4339
2568
878
9359
1109
4734
9669
2853
1031
8249
7612
1677
8614
2996
8067
4555
1429
9297
1906
9607
1784
5496
3336
7443
8704
1599
855
6830
5574
4438
9515
4326
4013
3135
998
7621
667
8004
5014
8910
727
3777
7364
6454
2427
5957
2920
4827
2461
3399
3212
5300
8381
3532
5497
6123
6117
2708
1010
2858
1722
5190
2150
9937
6432
8119
9492
650
8531
9408
5620
6017
4722
3877
4760
4414
9115
2289
7725
316
7102
5228
8357
9754
3831
7068
6681
1865
3334
1984
6250
9929
7041
6339
2268
8690
9914
87
1588
864
9487
2635
1955
927
488
7506
9775
4503
284
7992
6043
8077
9319
7762
7699
7774
6996
3087
9528
5757
9179
6797
8894
8425
4226
1917
605
8598
1616
1664
4749
8954
3594
9455
7286
9215
2270
6724
5538
5599
6268
6552
7404
8978
211
8154
2744
6562
8904
3262
4162
8420
8875
8689
5166
4856
7442
7837
1487
6118
4774
2723
520
2564
1742
2410
3502
6344
890
588
8801
5348
1764
5139
5995
4445
6423
5861
8087
404
8146
6331
8066
4082
799
4200
7616
2999
7175
596
2966
853
914
9848
6188
9742
1021
9909
5430
947
9814
3533
324
3295
7488
4993
6408
6660
5482
8676
633
7406
6798
7232
1148
1935
8314
9013
8589
4046
3605
5762
1115
4463
1944
8411
9490
4711
472
5662
302
4360
3678
3503
4019
6048
335
9920
5663
6490
1381
1487
6327
2007
6786
7291
467
6096
5392
4991
2241
9285
5654
7299
3134
7586
4495
8729
7534
896
1439
2635
199
8657
3519
2879
1841
1145
702
7886
7506
1255
6903
7658
739
2931
2486
6674
6209
3144
4812
1618
4933
6173
3658
4430
3213
7442
6772
7495
7568
543
4797
2927
3842
8504
1857
4240
394
8281
8211
3878
4528
3147
814
5259
799
613
6161
9747
3268
829
2791
213
6246
8841
7484
7415
9216
3360
5989
4644
712
2310
3874
7547
206
9613
3851
3427
7674
6664
4122
9072
9981
7946
7806
244
442
127
6343
2760
7836
3729
8835
8280
3912
4976
2338
4745
619
7296
9894
4638
345
7293
5651
864
6733
1708
5009
6605
6304
8507
730
9261
510
3374
7735
4467
6341
706
1378
4412
1163
9860
9755
510
3442
3709
2129
174
567
2495
2841
1460
9288
3686
7285
4018
4941
3522
2753
7939
2019
3046
4327
7953
1799
8219
2143
6245
8412
6927
2761
9902
7195
1458
1265
9400
9331
941
2418
681
8861
9841
5717
3525
6843
7831
181
3616
2947
9471
8347
585
718
8918
9699
2915
5698
9642
9401
1516
5856
3169
9721
2429
9012
5365
8824
7858
7272
8280
8434
1022
3976
6737
4523
3185
5285
9160
2808
5465
1247
5197
1885
5344
3891
6748
5831
7570
4291
931
4540
9197
7252
1045
957
4910
4984
3890
7145
5051
3941
3646
716
9010
6145
6090
4073
3421
8300
1365
6714
1669
8434
6528
2731
8663
2718
3424
9758
3521
7780
3617
6581
8791
8516
5421
6534
6900
5447
9890
4611
4485
1854
456
2603
7316
4409
6265
7669
6629
2391
2834
3247
9673
6327
6911
1542
1269
915
8989
3203
8410
5437
3932
2760
2608
6837
81
2660
4260
9365
2335
5082
314
6418
5954
4662
7717
6636
447
1846
9657
8575
7342
5819
4672
9226
1208
9711
3492
1881
4545
7911
5456
8609
214
1167
4612
1614
4268
9273
762
6084
3780
4170
8803
9990
3417
9827
9976
4505
3517
6397
2051
3660
8288
9458
8049
929
361
8667
5820
424
6866
1596
3498
7572
7675
4438
4164
5276
8266
9861
1061
515
7285
8407
394
7645
1309
6057
2215
4249
3818
611
1989
5667
3736
1529
3865
7129
6195
2721
4188
9526
9239
5672
5260
5027
4250
1875
9688
8957
1937
7177
4806
71
2648
9208
2697
1997
6982
1367
4532
5197
508
9887
3068
9248
6166
9208
5925
8031
7831
1457
4047
7355
3695
3741
144
3471
5410
1060
3018
5993
3105
9721
7305
1503
6257
7814
8068
4895
7340
883
7212
1850
152
2911
2812
3094
968
3616
2528
6848
1821
2165
8227
3947
2052
2236
4255
6658
3297
8789
9576
3006
2887
1853
1778
9110
1990
6325
4589
1928
2312
9771
1143
264
1233
3595
3359
4444
2947
4950
8505
7252
9240
5443
7266
3905
1654
4844
946
2371
8202
7114
5512
6518
5838
182
23
5749
6667
9849
8213
7186
9215
8038
928
3675
9211
9187
8781
1791
5882
212
2606
6600
615
3745
8174
2773
4837
4795
4063
7539
7652
9596
8902
2486
8673
8816
2648
3366
2300
6414
4952
1524
7964
6710
7901
3195
9203
3355
9627
2242
2149
8158
6447
3438
5366
4123
5913
5759
3598
762
9865
4437
7820
5308
5874
1963
4945
253
4717
5130
3627
9864
4917
5481
2939
302
1108
5492
8538
8850
32
9940
6111
5174
404
7467
6392
9515
4532
751
3401
4004
3837
9702
2957
6186
492
9587
1389
3009
6051
5607
548
633
4472
3640
2549
1153
1400
8378
1010
5639
9089
2791
5099
1178
3988
6090
7750
1679
8627
1666
7970
5081
6194
8878
3313
9766
7599
6748
1288
6862
771
380
5725
119
5353
7875
2587
9134
693
9391
3790
3958
4463
6389
246
3245
4888
5401
2594
9697
5416
825
1393
9963
5304
2892
6659
7902
8953
8026
6118
8837
4006
2349
7521
9741
785
8057
5186
8375
5726
7551
2353
1174
2067
4795
3497
6219
2257
9059
3735
7538
5067
7478
3191
2119
5149
8333
5628
9237
744
4313
6006
3765
7626
8325
6534
1102
6392
5808
4825
3622
4893
2955
6232
6175
1509
2797
3178
207
5657
418
5498
3303
8479
4021
7060
5450
9549
3216
7331
1123
4776
1023
3108
5025
9443
1161
4412
4778
9397
4566
4511
2710
1148
9934
6827
8191
5127
4842
4803
9964
4969
3210
9903
2135
4333
7027
9474
5614
4257
8074
8520
948
3840
8113
4181
5536
5286
298
2349
7741
5565
880
4667
5758
8676
8834
4578
1144
9650
596
9640
9143
9477
6056
8236
3009
6265
6791
6702
3561
1248
5587
8736
2154
1808
4131
8840
9811
2786
6310
9872
7124
5034
4764
6290
3707
1273
1198
7564
6683
3733
7559
1525
5776
8053
8185
6504
1579
4622
251
2300
6003
8218
5168
7337
2798
1439
3663
4832
1788
1498
9525
6993
9090
7286
1990
6615
3771
2427
1680
1193
8803
4940
7164
3454
4511
6710
6045
3481
2564
6125
2168
7585
2408
1747
4779
9704
1242
1705
7394
2296
8442
8296
9025
7106
695
5875
1697
2678
3219
2712
4272
7602
5177
5906
599
5802
1922
1192
1189
2039
4614
1439
2828
8020
7887
1740
7132
2348
3180
6229
8700
6478
1815
1250
446
8266
8166
9331
3836
8165
9248
4516
8258
3682
8544
3467
5432
6946
5708
9981
3757
1395
862
5258
6884
4956
4514
9366
3631
8142
642
3256
835
630
1709
3314
731
415
1190
5852
2115
2148
5599
4947
7289
1799
5420
6561
9967
7763
550
3315
2634
7924
551
5132
1953
7422
3047
5434
474
9745
5519
324
3042
894
4300
8108
1995
3161
4594
7680
8814
8640
8749
9382
3179
2399
9541
6517
5131
4996
1320
6059
1408
9359
5758
6574
671
7254
6184
7873
7175
5839
6012
1604
7138
4113
7943
6171
6252
9744
1182
1799
4967
8090
2189
5695
9416
3084
6558
9634
43
2944
5989
2440
4188
1565
7931
881
1138
1950
8425
9772
6355
4682
9870
4009
8230
6624
1620
773
849
7722
7906
3774
4645
3173
1653
347
7682
5329
7835
4752
0
9190
5615
1338
6454
2294
5911
4784
4586
5545
5168
4879
7590
3461
4617
7534
2393
3508
6701
2613
1553
5255
3008
8213
3625
1402
6418
600
3831
9995
9240
1781
7724
3631
6947
5190
8859
5549
8262
6621
5996
9890
1281
8687
5206
7667
9608
1739
9386
3638
9493
6898
9479
5760
8617
3128
3590
6723
8861
2766
823
3522
1731
8435
7687
9564
8322
1667
4550
7591
9700
9807
2408
1406
2000
3839
4281
5024
9643
286
2959
7498
4698
4950
4468
2230
9719
8183
3829
5698
5658
3543
1376
9234
6418
913
7509
1304
5958
180
8251
2337
7380
136
7825
5398
4433
3314
1563
5656
3716
726
6356
7963
4694
9239
3107
5571
6815
995
9686
3226
6442
5076
2051
7773
2474
9043
7039
2639
2964
1712
7131
6617
544
8342
4122
9674
6217
2690
9437
8440
8340
1335
8605
3073
6724
8258
2928
6067
48
6174
1708
3951
9279
1160
1780
6207
4365
2879
9446
5542
2989
7550
2499
3325
6945
4357
3930
4801
3911
9519
8192
4397
7817
2188
4378
631
4828
4663
8313
8062
5652
5645
6931
6929
5210
5674
6241
8686
4268
7896
2919
3721
3277
807
6625
6245
9864
743
7178
808
5316
1979
259
7747
1886
2832
5563
4794
7357
7580
7020
9525
4855
8155
9957
8055
8854
58
522
2059
5614
4745
9653
9221
7150
8770
5333
8684
6969
2946
2648
7073
1405
9201
6392
3941
3164
6243
5029
3816
7552
2328
7415
9319
2282
811
9763
4673
4935
5011
539
2179
4576
3222
1623
4156
2362
4327
2284
4010
6760
5642
3711
6313
2569
1908
8182
4710
2173
974
7890
1166
2534
7766
771
3848
1526
664
2391
9693
5071
8293
6431
8045
1565
9995
7758
9164
6058
6413
3639
4228
9190
5317
5899
7728
575
5498
777
1532
3761
7743
5037
3491
8560
2105
3300
2092
5235
5819
1044
7066
5694
3800
3743
6326
4166
4901
8477
2549
2458
9517
3619
3406
4706
7719
5290
8082
3850
4228
3502
9370
2702
5487
2360
8126
7788
585
708
495
5895
3507
7810
1694
9362
493
8155
5815
3605
9784
7823
6825
8754
3949
3599
6736
5850
7196
5337
9276
1991
3827
3793
1836
6125
1063
287
7447
4837
7064
8970
6117
8352
6703
7897
6886
7455
1129
8616
7381
4580
1987
7768
6606
277
3913
4742
4897
4193
428
194
8254
7371
8563
3101
324
4408
7012
4356
3938
8695
8955
152
5461
9091
1374
8008
9858
1888
3111
3081
9690
5704
3246
5387
6205
8042
5469
8776
3341
8825
8500
5114
6000
8425
2095
9951
4575
4984
281
2002
567
6211
9959
3580
8489
3065
2312
6913
1819
8081
3452
277
1191
5606
4298
3377
5558
1064
2235
2119
7114
4918
1947
479
9564
3480
6722
5761
1652
6401
199
4216
4046
6248
1922
5493
4751
5901
5216
7511
9462
2000
2167
6406
9004
1691
9678
9772
121
515
6635
162
8608
111
5695
6962
9785
5559
4175
3383
8801
8767
9249
8567
5029
8156
5962
9250
7357
8210
7687
59
4172
8209
2533
5372
7047
2603
4657
8079
4389
5723
856
2201
3548
1713
4572
523
1935
756
6236
1741
5047
8733
327
4617
2167
5518
3642
4905
7899
5430
2905
229
2610
2267
1630
7459
9794
3095
5218
5981
6310
3848
3343
9106
3589
3538
6649
2296
6990
33
274
7247
5297
746
4997
6435
1007
1498
3055
2255
2517
3257
4364
5939
913
3063
8984
6302
4671
5850
7564
8478
2162
2422
5825
4959
8196
2917
8774
816
4533
6944
3433
86
4208
5271
9619
2878
2879
4665
1238
6563
7794
744
4062
6388
2365
4382
4922
9539
4728
7295
7527
4730
3866
88
4853
9177
5611
1292
8227
8601
7320
8974
3917
6081
8951
9196
8696
7791
6273
6301
4356
176
1489
6844
4068
7475
1093
3429
5348
2631
9217
7413
8206
1956
6446
9688
5846
6000
5716
1433
9779
5785
7087
8822
5769
8509
8807
1031
5754
8864
1306
5503
1220
4352
5619
5073
5909
1180
9179
4833
9929
2909
7643
2500
1428
8401
6795
282
1644
4048
6375
8028
6661
8004
6147
7261
7060
7165
1169
4672
4605
6920
7833
4388
90
1598
1245
3731
6630
9316
7467
1387
5620
9396
6789
5385
4967
4491
4809
4511
5949
1467
9968
7960
1093
968
4227
3870
8012
