5601
3404
6126
7625
2489
2277
9708
2453
9703
2703
4287
4581
8292
9903
382
6829
8739
4842
9899
6391
3859
6918
5890
5258
2156
6203
6850
7586
6278
9189
4078
6484
1233
5453
5983
6518
6944
5321
3565
9720
8159
1537
9670
1514
4647
4245
8648
7960
3256
5275
7823
9665
8435
9455
5682
8654
6596
1723
6861
2803
1233
6332
93
2006
4541
4074
1740
4728
2983
216
985
3552
76
7364
4474
3578
9268
7436
9645
334
1325
341
3711
7826
3091
2579
4444
6074
8662
6049
6483
6175
3571
5277
4028
3309
3725
2521
566
8245
9934
7870
2996
8609
3648
7305
9327
5998
8433
6096
3143
3301
5237
6346
4544
9226
8989
9351
6598
1851
4962
9628
9783
1216
6812
3894
9919
7104
2974
887
1535
2985
5777
5670
1880
1665
7955
2612
5850
505
6931
6751
9659
3334
6776
3547
4637
5820
2039
7002
9185
3579
5520
6807
1798
767
3428
1807
5788
6321
6458
1839
5870
48
8413
8116
5908
4929
8216
6336
8804
6655
7203
1133
1410
4362
6622
738
2215
9066
4210
8932
4587
7538
215
4814
8010
2046
2594
8406
9665
5201
2407
7004
2728
1804
7919
8297
3612
6650
3288
9308
2705
3528
9660
3055
3612
8985
4298
5790
4291
7250
963
3388
9607
3096
1456
823
8147
7221
1230
1519
9474
3860
3559
7020
2666
56
8802
636
7153
2938
6914
4601
495
6242
6023
1539
2482
7791
7468
2969
8928
1815
8700
3396
3191
5942
8414
3250
4575
1562
5845
3087
1201
1660
7327
1675
3094
4886
2571
1345
4152
6908
7427
6012
6525
4632
4976
325
2603
332
1028
8751
7487
563
7247
966
9055
2592
260
2062
9283
9788
4034
3318
132
3106
5366
648
1602
1492
8212
9226
2137
4114
9348
5457
5925
7339
9675
9050
5415
3257
3139
6623
4101
8737
5703
8895
4030
5893
9054
5443
141
6277
5405
2733
3108
8936
6236
8479
6325
3971
3531
4887
7251
3610
4717
9694
8539
2546
3596
9285
3343
5886
6944
659
9567
2174
8340
3584
1244
2263
72
7169
6855
6397
7538
4
9117
5921
3416
6272
3490
3381
7083
2857
446
8498
2290
40
5520
5422
6608
1436
3860
4380
1140
6867
2082
7244
6775
6433
8860
6586
6059
2794
6329
1418
9503
9839
9711
145
5797
3548
5279
2907
9490
6642
1118
5351
3719
5992
9213
6641
4140
4527
1822
1819
8987
5974
7581
8904
7684
135
7359
6796
3469
4335
6027
588
4178
4062
8246
4797
2009
1787
6727
5273
6790
9869
5443
4405
8108
6762
792
6230
5493
7608
4770
9615
1855
6878
7678
733
5724
4152
5945
263
8995
4658
2003
7487
3432
6751
9990
4855
7629
1082
5955
4475
958
7127
9571
3005
2399
7221
1549
6155
7744
3556
4104
3142
2676
4577
8195
5279
4892
9977
2897
9847
7228
3397
5410
8427
8220
8293
9659
2368
1018
4208
8164
4838
7393
8755
5260
2331
4396
1900
6658
674
8339
1758
1569
6921
150
8559
7686
1702
5970
757
5907
1279
3387
4455
7028
8956
9278
8955
2985
4342
8694
439
4739
836
7971
7874
4502
4894
6304
7628
3756
3242
9662
6243
292
3869
9838
3714
8069
576
7044
7561
438
8951
4383
5111
3324
9585
4493
7809
9272
2489
2836
3110
1274
2351
7988
3761
8790
1703
5689
3181
8974
108
8562
505
8
5061
6915
7190
5457
215
5226
9927
4987
6194
3740
1362
5138
9609
1171
8828
1591
7845
3857
4515
9132
1240
6517
2641
9417
8932
4489
3877
7092
4352
5409
6240
8911
7072
8739
1098
9154
4701
5201
2864
344
9315
6435
4045
9504
1587
2401
1553
1788
1439
3838
2531
7736
2630
3590
3764
7020
2486
427
4371
2815
9086
8877
5013
5504
5625
1327
4273
9938
8495
3769
382
7606
6338
2811
9270
5428
5808
3723
1860
3997
6263
131
9049
4299
2579
2892
7440
6371
9808
6153
9242
9383
4236
6076
492
3899
3231
5424
9011
3171
2008
7197
2043
7174
9668
6635
2658
9059
130
3504
3867
2002
4701
5148
5987
8112
3427
4408
2170
1862
1200
6516
4550
7670
7371
9874
1561
1684
8348
8195
7116
2617
8091
3328
107
1202
2547
127
7380
5359
1295
3268
4345
3874
9655
6857
1544
5677
3496
1155
7830
5146
276
1278
6896
4827
9077
1665
5956
6906
5418
7257
7561
4094
8354
1002
4878
1896
9256
2853
1020
3329
3004
990
7653
2321
9543
3830
647
6260
9156
3482
373
6385
407
7973
7380
6049
6921
47
8732
2271
4652
5188
97
270
4141
9937
7936
7384
4890
7643
222
8130
2132
1624
7347
5692
1067
1874
1744
6450
2533
5851
9313
8905
9576
4039
1788
6441
3041
7441
3286
2851
1703
3888
9408
3555
260
7684
9179
1461
7684
5745
7875
9945
4072
8901
3348
3301
1514
7044
1642
4121
6449
7843
9504
1238
4456
7344
9049
8666
6725
6116
9661
4037
5114
8334
8896
4218
4688
1051
9981
7403
3604
8152
1975
9690
5669
2069
6458
6457
1202
3459
1030
4224
2792
8388
4375
7650
5713
9682
3515
5980
3142
699
7427
5688
6973
731
8500
2783
4187
1998
7684
4424
4992
1090
9020
9527
7458
483
9297
2723
5243
3947
2688
9672
2581
2080
4706
8031
3952
3855
8035
1179
3111
6082
9869
1835
1904
8387
611
4758
3711
4912
5152
2846
5953
7454
5036
5273
5839
2856
4012
1518
1245
9551
954
5628
8463
410
5095
1277
6975
7014
9566
7385
1215
3033
8410
7861
9600
2049
2769
3492
5762
639
1845
2951
8520
9994
8266
196
2078
6927
2519
7693
8728
7
8437
269
2116
1728
3666
6565
5887
5768
893
8500
2929
8502
9276
7785
4240
1022
2786
8233
2855
3616
2559
1841
6375
3036
8849
7548
4834
8423
7772
3407
562
1328
8927
9817
4227
7365
5187
452
9113
7453
3617
8443
8385
982
8986
476
3599
6740
8330
8706
8371
4490
707
2044
2174
4374
1405
6823
1843
3448
2628
8468
1990
5237
359
4014
1113
3445
1822
2315
8998
2489
9154
3181
4662
557
7201
4523
847
5667
6951
5680
6806
821
6959
6003
4717
2401
8338
8018
9344
9148
7897
2496
8786
6397
5164
5237
7501
73
6047
9401
6607
2749
994
1613
4655
5251
779
5024
9702
1123
7495
617
2100
9476
3320
146
5801
9298
4042
9100
8944
9334
2596
5635
8923
2328
159
9684
5510
4782
7756
2922
3281
359
4808
8365
3678
3310
3840
4069
9382
1287
7739
2775
6566
8355
6587
4418
2453
9927
5924
7660
3869
757
368
5118
4430
7279
4330
6871
4767
2649
7981
1560
1564
319
956
2619
8806
5879
7486
3101
48
3850
2856
2755
7615
6845
9569
6987
9822
2263
2573
533
5316
3957
7797
8043
9510
2588
9132
4330
9725
2086
5062
9715
8361
6948
2931
1087
1176
150
8173
556
2963
748
818
473
555
5140
3483
1997
7946
8337
2426
1850
6257
7557
4365
5026
7647
8249
9214
3417
1558
9354
5851
3994
2718
7195
7573
9071
6770
5078
7500
8415
7247
6023
3763
3843
1486
5901
5887
4565
3131
9807
8942
5108
6807
7244
1707
6532
3381
3590
8859
162
9068
2462
3964
4215
4448
8610
317
3707
9121
1997
2492
1591
7971
4345
9685
9737
19
1580
2844
7750
7918
7802
7748
6894
4080
6747
5391
6215
2921
2510
9654
9997
1817
6993
3303
1895
9278
3009
8101
5744
5982
71
4461
7271
9486
6933
1490
6881
4129
5874
3739
1752
9048
9106
1790
7032
4611
3706
9622
3896
1925
1297
223
4006
3136
2496
2125
9013
9594
8686
4463
2752
7676
2898
9756
9292
4047
6246
2249
6584
2045
6650
6918
9937
6368
8716
8496
5414
1463
2191
440
5051
8217
7194
6652
6988
1676
3423
976
9361
1229
3172
9273
4371
5093
1956
2006
7270
4551
9077
2305
7291
4484
1717
5050
4246
2770
4429
5200
2424
6372
4318
3387
608
3220
7155
1970
2097
8698
1959
6256
9385
5742
277
5797
7672
9738
2516
3046
116
1997
8242
2934
5402
4499
9063
111
4819
420
6872
6426
577
3822
6089
6293
2577
8713
8578
5586
7549
1863
4392
928
2790
9077
529
7775
464
7496
2740
151
1962
1424
3250
539
3844
9133
940
4797
9256
3271
7726
8004
5771
5587
993
6730
4462
4312
5005
3852
7301
1769
1656
5168
3850
4654
101
5035
7606
627
8567
2101
9285
735
2156
5601
4043
6869
383
268
4488
9040
6088
8113
3476
7395
1939
6258
1642
5878
6181
5079
3759
5357
2927
8326
7133
3279
9105
578
5580
864
2897
4508
4351
9286
5506
2193
207
1882
5400
6981
4529
5192
1946
6136
7604
9966
5074
9823
2059
7604
801
5708
7782
7739
5422
1030
7736
8378
91
3188
3597
9617
1786
4761
4066
4999
5815
8810
7456
6924
3030
4071
5987
2504
3314
4119
1561
714
1937
4798
7783
7318
2407
6680
6006
7707
6037
5917
5784
7935
4499
9362
3459
2304
5600
1807
696
3958
33
7048
5663
2023
2914
8983
9752
1046
6930
6019
9430
7535
8502
5149
8
4638
5378
2846
2311
8198
7201
9904
4656
5189
1827
8837
8772
3420
7237
7961
3198
7114
1319
7468
3799
4038
3156
2449
2883
4472
2693
7942
2405
5796
3313
8845
7872
5771
2420
7041
9582
8807
3931
9254
1739
4766
3184
2548
8177
3490
631
6462
8956
1387
5589
5787
8199
3372
3768
2369
5556
6045
5568
1973
9514
6947
1346
8246
7906
8820
7004
3715
7839
7750
7527
9698
9855
7823
2713
5180
3389
549
6096
1003
8165
6330
1967
2670
1738
5876
4310
998
8207
7854
4573
8459
310
5188
2262
8830
3890
5479
5123
155
4058
8714
5957
5976
1344
8727
1256
8861
8640
930
3145
5001
156
7001
6019
8545
5230
9572
1738
4234
8777
3273
414
3606
8335
8888
3394
7644
7968
8006
9728
3707
5547
5718
6136
8347
1741
746
9747
2133
8167
8348
178
994
4482
5934
7662
4821
1744
5119
4610
8856
4648
7760
8353
2650
8295
5459
7385
7230
137
3952
1050
2633
759
6377
1107
2509
1950
6777
758
4118
1412
681
2029
3908
2392
988
7696
5628
2145
3546
290
9849
5572
9314
6059
1539
4314
4127
1349
6965
3711
7642
7435
1306
8403
1227
6934
6922
5302
4029
2179
1602
2530
4903
6104
2521
653
3122
4925
7331
3189
3460
7393
1161
852
5499
1245
6432
7923
48
1465
5821
7273
1632
8117
9920
2218
2394
8434
4366
1067
6990
9954
5783
6647
753
7232
3635
6481
4277
1042
63
7682
9841
8571
4669
3250
8525
2716
6454
8458
1745
2745
6126
132
3934
628
5234
3727
4460
2109
7703
2063
1767
4528
4705
4188
1528
4565
669
1607
4015
9456
7020
8228
5834
5206
2971
658
7507
1330
8017
6561
4075
6104
1176
1817
3793
7080
1857
7571
1803
3384
469
6339
2649
4951
929
4016
2851
1021
9647
6656
8438
8267
6668
5901
8762
2403
990
2083
6485
4310
4586
5517
1012
1601
9451
7852
4606
7767
2052
1204
7484
5239
8810
5601
4041
4955
7743
6802
6043
643
4369
7468
6954
5496
5724
4384
4267
8332
4483
8129
8573
3580
3780
7668
7341
3743
9661
4129
6863
9539
1965
8653
9106
3278
9116
1931
750
489
6417
6414
9974
6445
7522
9345
8265
9258
7580
6038
1847
5003
9229
6707
7505
6348
409
6240
5953
2628
4178
7776
6098
3028
1379
383
6547
188
8259
9592
2239
6711
6426
6525
2424
7071
7388
1024
2676
3860
1221
3828
2522
6689
1561
706
6816
109
9132
6197
4322
2044
83
4861
7621
2455
4943
6239
3967
4068
8262
4542
6132
7003
3147
3543
306
710
8013
5816
4617
9972
5158
7754
46
4293
5448
7964
9772
5525
6071
498
204
1415
6234
1396
9404
29
5131
398
596
6956
1778
9808
1165
9340
9806
9804
8098
2925
9363
253
2076
5758
9104
7779
1763
151
9323
381
1062
7324
3970
4434
4781
348
6088
2558
1002
1961
2134
9954
3763
6973
9092
7668
7309
7102
5733
6609
7784
9790
7197
9593
922
2259
6295
9424
1787
9668
6987
7876
4680
6388
6867
1932
128
1915
9840
7369
1399
4033
7976
6527
2753
9216
1343
1799
9101
2189
4262
1022
6425
5907
1552
110
4464
4641
8976
3158
9202
2568
1183
1212
8779
9635
3501
3865
6002
7281
2558
3874
2572
5141
5927
7471
4873
2326
6855
4651
5096
4967
8769
5466
6774
496
6583
2283
5941
9596
6208
3736
1818
1445
913
2977
1806
9199
3880
2201
5113
2805
1630
1616
833
213
4670
800
8121
5378
1730
3853
2738
6438
6786
4658
4531
8027
3563
4035
8253
9146
6346
9687
1035
4679
6798
8681
6301
2443
1327
3146
4973
7166
2815
7459
4535
6155
2401
3272
7853
7545
8867
1285
9808
2249
669
2508
860
3994
9136
906
7288
7132
4477
6673
8739
4395
1126
2520
9324
5484
4481
8862
4094
2701
3943
5088
4233
8566
652
7460
3481
4520
6608
6159
3506
1663
3406
5078
7482
805
3660
2186
1925
4472
6184
6301
2869
1225
9419
2681
3361
50
1092
6753
9460
2096
2758
9961
3478
8024
3104
9043
2555
4392
8653
608
797
5339
956
9669
1050
9952
9536
42
1699
1163
9070
7918
9757
8653
3435
3178
8274
4593
1975
5496
183
7893
766
1372
4351
2829
3581
565
8913
2975
9878
5258
4762
3818
6880
2243
7214
5138
406
354
9421
8597
4972
9267
7231
3654
6323
7365
1951
8424
5686
3897
2864
8303
4518
201
8171
5795
9896
7789
4028
5091
1275
8506
7942
1048
5116
6671
1704
500
360
3446
1738
9557
4725
5875
7047
2062
7747
9426
22
5257
1854
3939
3964
8500
4150
287
1157
4898
1605
4903
513
2576
5434
5326
1743
9461
5362
2181
251
9440
8768
3633
9082
5842
8025
7371
7105
5338
9521
2484
6218
3514
7113
7888
3143
1306
491
1483
1746
402
3342
6534
2320
3178
7093
3503
4352
3007
4956
428
4487
3054
7486
4859
4177
5680
1914
5554
7427
8633
5745
1146
5166
3914
8384
3877
6739
6190
2050
1581
5316
9488
1968
646
3952
2727
793
3660
1066
7131
3748
5575
9765
300
5564
738
7742
8803
9611
997
2678
7403
2294
3922
3825
1466
1993
8937
8152
7012
7838
7082
9367
8784
8658
3629
3224
9183
3027
5639
8860
2601
1778
3603
1164
2628
8960
3485
9006
6080
4229
8125
696
3885
8853
5033
4016
9726
3883
5099
5740
3574
273
9352
8466
4741
4056
7593
8965
3349
9693
7438
8552
5161
9940
818
6354
1190
6931
5269
2258
5094
4374
6048
5046
6772
5997
4101
9405
9682
4927
8813
7448
2958
3574
3895
5448
1164
520
844
9477
6956
2861
9994
6798
1496
5657
9125
5185
2852
6619
9549
3848
365
8522
5815
9430
5606
7539
7721
8211
8691
8842
2938
624
7798
2851
5270
8274
2484
2010
8708
3542
2263
6180
7852
4957
627
1564
8713
1490
1291
200
6529
9584
1394
9754
3645
1566
1519
6742
6423
2326
6441
9677
5292
1299
4157
8801
7958
9371
9677
7946
5305
8783
1579
5425
7805
6796
4425
2983
5601
1452
3183
4977
6209
1722
7596
5516
5366
4235
2741
3262
2111
7917
4560
4240
4187
1609
4955
299
4727
618
5392
8241
7321
6759
5789
1812
8503
1528
617
4050
3327
7795
2427
3386
3350
601
5230
7101
750
1070
7230
4342
3359
4996
8142
2458
398
6335
5061
1886
2006
2133
4110
8389
7964
3621
9685
6512
4786
2954
4422
9980
260
6290
1585
5378
3129
669
4776
5644
757
9585
9831
4614
8620
8951
551
6320
8207
3091
4968
5140
5499
4245
4355
329
8834
7946
6582
7392
9553
4984
1788
2489
4166
9335
756
1800
6581
7164
2074
561
6032
603
417
5340
7607
3067
6587
9540
8069
1440
951
6950
6334
6690
7008
4431
8330
7549
861
5101
1662
7874
5767
8113
3667
3060
2822
6871
3396
5496
9679
4952
8202
5736
4798
7192
6911
8009
7365
6097
8921
168
4827
4618
8605
2016
8051
1264
8030
3520
8064
3644
5923
3189
6300
1175
665
9847
5750
2050
4343
7413
807
8234
3884
7272
5149
5373
9854
5565
7733
8775
7874
2292
3940
7279
6423
8939
6475
455
6079
923
2411
5280
8489
3145
6086
2805
1155
5442
8868
7301
7745
1680
550
7248
5803
6142
3098
5423
9668
171
231
6062
783
1665
6998
8253
7390
4413
5900
4058
8626
7349
5949
6318
7774
2445
8919
6200
2192
2872
5345
5303
3166
7819
9412
7194
9858
1856
5638
5185
7872
1496
5592
4402
328
9406
3083
1022
530
4883
2313
5420
753
3202
6797
7735
9486
2283
517
7579
2294
4241
3196
3139
7994
2646
1198
3104
8635
5694
7257
5527
7249
879
8005
7800
9363
8404
9127
7004
1748
5418
465
651
7098
7648
6125
5371
1687
214
1890
4528
1838
6238
9889
5787
6657
9851
8383
9742
8103
9696
5984
6806
1236
5771
8349
7705
722
428
1605
6775
5296
8519
5318
3953
8519
7190
4945
8478
4737
9062
2674
4096
3589
3937
4193
223
4845
5764
5929
6101
7604
99
4678
6639
975
8396
9047
4495
6894
1694
6453
5579
3967
5474
7668
5689
1347
4939
5299
961
7481
1966
6862
4404
7370
8876
359
2599
4458
2813
6736
1970
7827
521
3893
35
9759
337
6533
7026
6364
5106
6737
1288
2358
6061
7570
3577
9348
8322
3097
3217
6771
4449
5096
5974
1966
4593
4699
3516
2942
9926
1580
375
8905
3447
1407
8406
6652
8735
1033
8774
6304
5954
2831
6560
5499
3875
2678
3647
6586
8328
2738
2916
638
5002
3372
1979
5933
6381
9710
8156
9688
1619
9606
4899
4479
167
9122
1259
2186
7943
4449
8713
6079
1532
57
189
3055
8802
4316
5508
4695
2343
1358
2418
6489
9955
4332
8165
9249
2155
7372
5964
5992
3309
5204
3316
1184
1445
256
4628
7619
5264
8479
3186
2336
8433
3368
8227
8369
3857
5566
5798
717
8943
5262
1092
273
2199
3181
445
3373
885
459
9784
1259
7505
6851
127
9480
7389
3489
4035
127
7560
9705
8641
5453
8478
9776
1230
8545
2832
659
6663
6060
6646
2188
5108
1751
5200
7540
4282
8829
3297
9565
4142
7845
6635
6336
8032
9873
6416
316
6949
8896
2582
8201
7656
5655
5095
6366
179
775
2548
8172
6399
4299
1648
9227
9031
1599
9540
7443
6346
4442
3421
1950
2521
7671
8575
6283
5582
3846
3565
8447
3223
6722
3904
9292
3386
3083
5128
6906
7724
7580
1082
9647
5922
3590
6555
1643
6270
9018
1412
4757
9771
9532
6934
6200
6905
3484
6414
6594
327
21
2821
5711
7361
3045
200
2099
98
1933
7027
9968
2928
5403
8538
1520
4581
1647
1401
1778
3494
5248
2999
5132
1450
8174
7658
4764
6307
6646
869
4770
5219
4044
4059
1165
263
2880
3910
2030
7426
5346
1606
682
7205
4194
9680
4955
9406
9607
723
7377
4434
2121
1848
3529
6466
3939
611
7271
572
2340
8325
8592
3018
9309
1480
2305
8425
174
1269
2389
2047
9525
4346
4086
7058
8669
5649
5631
69
1629
5946
4153
3135
290
4203
3054
2134
496
1697
5355
8396
4364
2536
2317
7452
6218
3954
8466
4716
6159
959
7923
2144
9405
5415
7564
899
3504
3663
8624
3207
9200
4826
3401
536
8376
6907
6416
8955
760
3122
1953
6754
7265
1308
6916
8206
153
6412
8532
8009
4321
3517
3589
3615
8598
838
3262
4416
7007
9838
3721
109
8671
4163
1256
9303
9014
8659
1558
1450
2854
8546
544
0
6752
5821
3355
8549
846
5857
6656
790
4630
5092
6293
1036
5204
6560
4421
8260
7528
1619
4575
8629
8737
1114
2519
2173
2900
8898
9452
5545
1087
2141
9967
8947
2546
7048
1876
5858
7165
4569
2034
8605
5184
2853
9408
8088
5708
91
4351
2815
7680
5334
2009
9041
562
5097
2452
4688
8554
8087
9703
6074
2069
9887
6388
7970
4290
6216
7048
4797
8892
9789
7956
4185
4429
7093
7042
4612
1459
9406
2314
9679
5907
9321
287
5356
9467
2942
6292
9033
9421
2991
9807
4382
3394
1822
1478
7791
2974
7739
7471
6984
4111
8453
9654
6161
1016
5703
1293
1499
360
7170
79
920
4749
4502
8506
4279
5227
235
2582
2301
1379
9248
7460
2066
2459
208
3748
1219
8387
2850
2562
2166
6716
5962
7326
4193
4638
9183
97
9994
986
7055
6042
4237
4791
3906
8910
7530
9667
4602
2832
9185
2225
8327
3623
4137
3310
7348
7317
3928
2746
3543
4170
8773
3603
1911
6310
3400
4811
184
8493
8560
3708
3538
8556
6037
7234
9189
4530
367
3368
9499
8185
8430
6821
412
3490
187
4393
4429
69
7515
7264
342
4187
1775
1128
4840
6125
2628
8756
930
2768
7614
7124
4113
2378
5970
8391
5001
1753
3089
6405
6211
4293
9075
8125
8753
5581
2102
3451
6011
2523
377
4187
6565
8268
2596
5
3146
9788
3066
7065
9143
9349
2512
180
2168
3963
8114
1624
1135
4713
3149
5103
6980
6026
5580
4157
1740
3573
9578
8453
3478
5563
8904
7859
6118
6664
4516
8719
1144
6658
7858
1587
4604
8679
6601
8541
4143
7471
1770
510
8363
7611
6926
6817
1390
9956
3045
954
672
7841
5195
9067
379
7050
2291
8308
9602
3650
6202
2844
1161
8366
1015
7354
9824
865
4000
7769
7448
3490
9485
1739
4185
4306
5521
9394
9566
425
5881
683
3591
1356
6163
2122
291
9466
9140
8348
932
9170
1393
9634
7445
7282
3306
4594
5342
5145
7702
7801
4026
68
2295
9633
8040
9842
3999
2359
2767
6058
9951
8065
187
7845
3820
4473
1201
4836
5691
7923
3711
9641
4798
3465
8866
299
9269
9812
1291
448
9110
4661
8332
9466
5344
5172
8327
3541
1373
746
2867
8515
4533
2875
2836
665
5081
1219
1090
817
6414
1207
5718
7958
4538
3977
6458
4130
8313
1206
7766
3415
7166
647
2183
8148
7738
1853
345
1870
4445
1832
5331
5814
6431
9486
9018
4345
6631
6458
2189
9258
4777
9889
6003
5473
5042
220
4672
5083
2439
524
381
3446
418
4869
891
9761
3029
1643
4605
3284
462
7254
8627
3102
2152
489
1304
9887
2262
6405
8904
8197
709
6255
2199
928
6688
7614
4152
626
5247
4978
3060
9494
223
2018
2247
7998
6142
8326
8431
6073
6695
7801
6676
1589
4521
6784
2974
6488
2247
7139
7605
2514
6088
9847
9170
8877
1636
6505
3206
7867
8417
2424
4291
9516
127
7837
1911
9297
9285
114
49
2361
7644
7549
2493
6497
7306
3844
3555
473
8706
703
3458
8334
3561
5058
1982
1089
3614
1615
4348
8736
2248
9208
4332
9023
2652
1036
9747
3275
9107
1987
3466
5517
2634
4545
714
2983
4507
836
287
1116
4823
8896
658
9874
2094
6067
3189
9018
6101
2246
9170
2611
1642
7408
1425
9994
8440
9255
719
6056
3309
2540
6184
9067
1829
952
303
6589
8790
1498
8393
853
1943
4631
5008
2071
3807
1717
7849
2413
4588
1926
5689
8530
3389
3292
5919
7733
8028
5856
2427
7222
6028
7597
5559
5743
2287
708
7248
4969
2624
4201
3607
4265
155
2403
7712
5985
6789
8591
1309
7688
2546
568
9538
2795
7208
772
1892
7426
9410
4159
2943
5562
4287
8234
906
9072
4282
5557
7673
8183
4939
8632
8751
9261
447
2810
2682
6690
427
9119
7636
3008
5414
8119
8374
3910
289
4983
9541
8391
8221
8879
1889
3096
3529
593
3755
3244
6905
331
8645
4199
14
3926
8334
3128
1085
1924
6891
1782
9259
1148
8130
8470
7495
7311
7576
1449
1500
7986
2879
668
7585
4376
5262
4472
1950
3730
5136
8319
8357
5119
4961
6927
8090
540
5015
3152
5207
3045
9610
361
6760
9940
6584
1735
3364
398
9428
3392
515
7560
588
732
3598
8653
7869
5518
6419
9002
6949
3182
1918
1251
6278
5160
7608
2776
1891
1851
3585
7257
9992
794
2970
2979
1045
8666
2555
1032
5342
4143
8208
1017
8319
938
7987
6130
9628
4181
6326
6227
4208
7429
3289
6631
1251
9831
9845
990
9290
2038
714
9927
6915
7043
2937
9339
9735
5550
5218
7665
792
9452
5283
9174
5860
5231
1726
9975
5402
5178
800
4977
4785
7670
8941
9675
125
1822
2920
487
1833
1187
3307
9982
5350
9210
8824
1227
8699
2854
59
3670
133
814
5298
492
7460
9910
9790
4530
9381
4756
6721
5466
6223
9418
5468
5647
5912
4232
5502
5596
7549
8492
6324
5468
8770
4135
9703
4123
2877
712
2209
6564
5778
3632
7772
4656
6843
7515
8349
7205
6643
8690
7866
5079
1476
1350
5833
9501
5410
8251
2223
2391
9952
2727
5300
7
3934
1912
6327
4371
3928
9537
805
3822
4
7242
9273
8189
3722
5103
1494
5446
5110
4989
1177
4517
6670
218
7585
9148
837
3542
1995
8703
567
4296
7041
4101
2531
7635
7497
3297
7786
4028
345
7551
7460
5227
5318
3938
9390
513
3160
3379
2630
1529
8884
9810
4207
4326
3045
228
8044
3558
2304
4483
1217
934
1711
435
9056
1296
6704
4516
8695
6555
6137
2068
4231
8331
1017
300
407
1248
3541
7414
9985
7412
5397
1722
9496
4638
6056
6186
2994
1278
4606
2571
8778
5065
9204
9210
9540
6160
3811
1072
5343
9106
6913
4368
4313
484
6740
423
4282
8257
6873
8850
5350
7935
849
7780
5375
6164
3872
647
7361
4711
9083
3926
9478
2876
5230
9291
1254
214
3375
2882
228
1904
6465
404
8942
751
2343
6153
4884
9930
6000
3536
970
2203
4272
9716
4262
9960
8963
4935
6635
3823
6954
5369
8059
4894
2614
6675
8554
3541
8281
7594
1681
9969
1675
2945
1273
4542
7856
6318
1087
887
1684
4466
1289
1052
7448
6703
3090
6902
5643
3180
2731
329
192
3205
5639
4405
1021
5649
2614
8691
4469
7205
1248
82
5738
4092
6169
1842
1137
8607
7072
1200
7608
13
4770
1893
4621
9674
2890
7832
287
4923
7134
9981
6819
997
5004
4588
3549
5055
3785
9712
9860
7547
3772
1967
8576
6961
1516
9350
4744
6335
1572
4373
4773
7483
5671
9469
3599
8390
1439
7009
5496
3962
8577
7655
426
2612
8850
4911
3547
7036
1904
9022
7989
8440
6895
1452
133
9671
169
8350
8278
6452
6182
4130
3376
1200
6566
2758
5448
6592
5338
6119
5588
2026
2711
9426
7582
4595
9060
8033
3348
7801
1110
3537
7
466
3404
9770
6618
3194
5097
482
412
968
2435
8915
3016
4392
7246
5942
6480
8328
3388
1367
1519
2532
6649
5346
3435
1974
641
7370
8408
6469
7552
5379
1556
3718
7244
5609
9480
9498
5991
5488
2387
2352
4858
293
5069
4300
7059
2326
4701
6465
1651
2168
5512
2261
5480
6264
5959
981
7921
5870
2318
2687
8308
1580
4303
1434
9882
3452
2746
9254
4708
3819
160
4594
1513
8899
1247
8315
7126
8317
8887
6786
5722
8142
3185
3424
3206
7388
4237
4875
5983
6139
5995
1282
8015
6503
1506
4276
1441
7071
4765
2763
3212
1912
1194
226
456
6997
325
3666
6423
799
8881
8693
6677
2141
3599
7600
9182
9490
5025
8736
4628
8555
1853
6281
1729
6858
4336
5929
7891
9586
3291
4774
6005
1011
2786
4890
2770
8422
1545
4847
2781
1798
3317
4229
6461
2532
4946
6728
5922
1328
7394
1571
6978
6263
704
9871
6686
4071
7682
9472
7717
4216
9910
8537
2359
5567
7459
1768
9769
9886
4470
2245
266
9373
2455
9181
7439
9282
2723
164
5403
8434
6003
9124
4071
3317
7241
2290
8587
4309
1034
1445
9422
4201
9900
400
4439
6510
9184
4815
7063
3428
4740
8455
7851
2162
3860
7112
4420
1569
606
3168
8104
6399
4178
1936
7040
4803
1959
6023
4981
1917
7423
5531
6069
4855
9526
7209
2223
2731
7368
9780
3249
9295
8855
3269
5270
3671
4162
5049
5252
4436
4595
8625
1634
4811
2174
374
9886
8739
5172
8267
142
2056
9650
6482
1690
5933
1536
2228
310
5243
2483
2342
4083
70
3639
8483
2910
5777
8509
1264
4537
8843
5630
570
6699
2896
9770
6749
8492
3898
2864
2249
7269
2199
4681
7302
2589
2055
9458
3301
6907
5458
4456
9562
7287
7396
161
8786
9146
6973
7646
5924
507
2603
679
9001
3939
1216
4398
364
2376
2617
9049
1986
2469
66
1659
3405
7682
4329
936
5780
1244
3599
2852
3905
3072
1506
5226
1227
2568
9037
9853
9632
5916
6013
8930
9023
723
1013
9528
7923
10
6711
9987
5968
7342
2955
3402
2839
1435
1111
3607
2212
4665
9888
6972
1222
5776
8455
337
4591
2558
9024
8581
4864
5743
4294
2554
9174
3044
8
1671
3538
8670
405
1855
7831
4235
7207
8905
6694
4606
9812
3572
3481
1507
7278
8998
3703
5897
9710
6221
7239
5517
4881
2828
5484
7967
7424
1337
8044
7430
1651
6853
1999
9339
5115
3111
3355
7799
3188
5262
1935
4158
1781
1672
1768
8353
567
4433
936
5160
203
4317
7973
1490
6482
1755
2278
6674
2641
7969
8837
8226
2469
3459
228
3068
2537
4516
1953
4269
6081
6990
2322
8599
7752
9127
2780
7579
5130
7006
7502
8589
6769
2608
8038
5511
1668
7131
3659
300
9945
2474
2144
5657
7173
7264
4466
3389
2690
4906
9522
1558
7418
2835
3468
3214
6124
3990
8460
0
479
3691
4817
4465
6724
734
6977
4042
8754
2089
6437
9795
8919
8220
3301
842
9126
174
4801
2542
9029
3262
3859
171
824
493
184
8554
992
2765
7294
8156
2932
4311
1797
6834
8132
5270
3356
1534
3953
760
9023
6674
5965
471
7605
4093
564
5624
3045
7716
758
1853
2774
8301
7492
7502
5935
1274
7669
4167
7687
6331
2185
3078
5364
5133
3568
1503
7819
3414
2878
7305
9324
5743
3249
150
2768
807
5516
2518
2135
536
5366
7952
6713
1130
5948
6530
2997
1710
4247
841
7625
3741
5834
8064
195
2206
9744
3867
8743
5055
204
8903
3036
8665
5083
1209
8535
5087
5839
1668
1235
448
5906
7780
1411
2914
1076
2208
1936
3698
8821
1746
2609
1918
6610
9908
5479
4397
7928
8815
9388
9171
1076
4179
1952
6664
4571
5539
9979
1722
247
7863
7961
6106
4981
4221
7380
2366
7366
8879
9595
8919
866
79
9888
1298
5761
2597
4535
1494
3901
1017
1306
7250
9191
5250
1661
7986
3159
8575
2789
6900
5281
7176
5972
2237
5786
7928
4397
945
4822
2040
4762
1529
8953
954
8496
5414
6041
2720
5623
5261
7908
8180
1940
5706
8063
5523
4924
1867
9094
9152
8580
7534
2770
295
214
4084
6530
2570
2276
1611
1778
7731
5666
9523
2721
161
586
8320
1955
2099
716
967
4967
1675
381
7904
1128
4139
6932
1745
5124
4747
1854
9088
4284
282
7242
4907
5549
2624
4113
9371
5032
9446
424
3135
3439
8141
6843
4283
1689
7774
4533
3034
9994
347
188
9569
8913
5555
4407
9355
5208
8437
9654
7595
2673
7812
5551
9654
7158
6347
2555
841
6926
5882
5426
2590
6113
5289
7912
6364
3767
4695
8289
9408
5305
1699
1673
6669
5518
9820
1901
4946
2741
589
6983
7817
668
8770
3485
7461
1807
9066
4649
5065
8811
9535
9863
4275
7235
5056
2228
6801
9126
1996
7603
4477
425
2952
702
9382
5995
5636
3576
1823
5991
5579
8076
4296
2620
8066
3129
6962
9270
6567
5014
6964
1972
9236
8713
7857
677
2387
1619
2405
2342
1157
9867
5590
8267
7325
8555
6316
6340
4894
8183
251
1331
9866
9046
5321
9323
2259
7723
8205
7207
3692
7799
5307
4476
9468
1857
4491
2986
4756
9994
2602
6653
9768
5590
3711
7286
8687
7838
5245
3760
9198
6564
9405
8489
7683
2770
9655
1181
7019
1870
105
1434
887
9663
8268
9211
2116
1669
5165
7793
5941
3862
9763
7749
1825
2280
769
9296
7956
6339
4746
5578
4338
4747
8084
5367
2392
5819
3235
4406
5068
9779
4594
4867
9055
7537
4360
7194
8594
3967
354
820
2510
8041
3357
3497
4609
3041
7957
8854
4002
8617
3139
6376
7537
6126
9513
1132
2419
1931
5825
1429
7282
2845
3537
2245
4776
8912
4208
6921
7072
6334
6038
9379
1014
2703
5566
6310
4938
7579
7265
2885
5826
9536
9618
3622
4404
5801
8737
8870
6141
9005
942
9774
4783
6643
776
7473
9742
9604
4635
4650
4162
8633
9101
5729
9956
995
7228
591
161
8299
8451
3770
1261
1991
6582
1790
2461
258
6657
7227
6636
6158
9747
5699
2080
6751
5470
8593
3368
4363
7303
434
7780
4152
3919
743
4835
31
969
3353
3648
8177
6394
2957
2785
9334
6186
4148
9439
4183
5845
5856
1873
8275
8505
9716
9285
3516
4092
689
4483
5183
1113
6631
3160
5635
7073
9419
2307
5629
2165
8470
7685
4317
640
4900
5814
2739
4195
6784
6340
8368
6360
7926
1352
1645
1377
4655
1962
9626
1619
8336
2923
3962
1383
8834
8921
6032
7319
8088
456
9184
618
7534
136
5260
9430
1768
5374
6404
1131
7062
8399
9635
6923
4029
4201
8924
9404
6030
6337
6990
4728
2907
5638
755
7594
4294
5271
401
2724
3621
8541
9426
9327
1610
2738
6609
3922
7994
463
1676
1654
4613
8820
8638
1018
5831
1170
3454
7696
9971
2276
9569
5625
6468
1312
3556
3667
5709
1408
8683
2111
1896
7482
8847
8932
6116
9931
9520
1474
967
4655
7311
5346
1662
5180
7352
9516
1614
5998
6329
7634
5012
4640
9731
8289
3072
1709
2421
1235
7241
2843
3349
4390
9403
4880
2728
2952
5707
8204
6065
2037
7815
6637
3242
2211
8090
3543
83
1809
431
881
1926
4784
3880
4933
9023
6262
7500
4071
1009
9249
3664
9204
8237
8717
7282
6793
7836
9244
302
8960
4883
7395
7650
260
4474
8995
2652
133
4672
3900
3651
4127
3599
1874
9633
5019
6331
2572
606
4207
1556
7244
5703
9086
1067
6381
2125
8886
9832
1023
4172
9168
7295
6959
9684
2983
1280
879
6508
1883
4398
3801
2913
5721
1705
8016
5006
7509
4707
7865
1287
8261
2424
9709
8441
2426
903
8810
7744
3040
3892
6979
744
5116
6126
756
8043
6273
16
4317
5990
1211
1564
3656
7517
9497
2116
8066
9424
1846
7488
5530
926
8306
5982
5865
6161
7822
8073
2609
4679
3353
769
7256
5291
5821
2545
4779
4971
5391
1521
9614
4257
5875
8747
9867
7088
6527
4347
5766
8722
746
6405
5142
7107
120
4168
5852
6703
9811
5503
9335
3172
5276
1552
9617
7181
3628
3915
2824
2684
6281
5612
527
4433
4372
9292
7902
8805
9932
9597
3045
7442
7507
5472
6310
4336
9333
245
1495
1016
9327
667
3687
6359
3559
8894
2385
3570
935
7770
969
8677
7187
4757
8225
9661
6420
6551
1857
9294
5558
5036
6690
720
4691
1166
1216
4520
4387
1401
9521
6910
6061
6530
3194
1352
3270
9530
6854
5930
7655
155
6510
3847
9689
9964
9363
4148
8437
5817
1695
6171
5160
1308
2776
5655
5169
7032
6536
5239
2873
1782
9299
4455
6036
7477
6872
8975
4725
5240
5081
10000
8422
8679
2292
8490
5387
2188
4501
8960
6518
9933
762
7086
758
7209
7636
7970
737
9302
2322
2865
3815
1590
7197
2440
7218
7069
9427
6906
2957
7074
170
907
9772
1766
7231
2892
5947
3829
8028
4417
7300
3763
3969
2119
2701
4717
4203
1112
3219
3321
1779
1829
3837
6999
7637
4936
9741
709
8995
2704
2577
7819
5710
6257
9079
4582
6165
1649
3116
9652
141
4918
8645
3468
4491
1149
9675
6490
5440
7997
2903
7305
88
6096
319
8585
6502
597
1181
6923
7995
3423
4808
9390
6425
5601
1148
221
3583
6206
2661
1096
9851
9275
8760
8772
5989
2755
9390
5866
8802
3100
4444
3922
4861
9097
7841
7052
7084
8985
1977
2401
2108
126
1072
3130
9736
1294
7384
6316
6344
6062
6475
131
4022
3008
1354
3640
9686
8546
5816
9757
247
6341
967
3698
9744
8911
495
9238
6628
9163
7015
9482
8404
933
2089
6136
1653
846
8681
1692
955
103
260
5806
6476
5021
1864
3344
355
1575
1906
1930
1357
6616
9500
914
7356
4955
1899
6497
4148
3986
4723
98
6621
8769
8093
9560
8181
1648
2994
5727
7849
2922
4961
6028
6141
2038
4268
7570
5386
8186
363
4858
2788
4381
5162
3791
6573
6584
6503
6193
9714
7022
8324
4306
60
8805
1284
7137
2207
717
8624
996
1015
3073
1673
3517
181
6881
7118
9417
7729
3649
6104
9444
9959
5381
8044
6512
2215
7693
8293
2335
6346
3577
8428
949
5592
9425
3293
7544
5949
2267
104
4109
248
8639
5480
4898
5178
7926
2130
2936
3993
5846
6422
3615
46
2567
3706
4558
5182
5464
8496
8369
8405
2272
2513
9192
2786
531
7235
8768
4792
655
1928
888
2400
9072
7935
3764
5277
391
8346
6483
9221
2109
4922
1205
1906
1764
9783
8295
5918
1871
8816
3293
674
7287
3685
2461
6955
210
1974
6187
966
8273
9865
4297
5370
4673
9279
1024
8132
7835
7426
2449
3914
925
2486
5413
1076
625
2754
8335
1555
8322
6932
6201
9270
7233
3695
4924
4252
2542
1714
6357
1277
3906
1428
8724
1860
8341
9556
1522
9848
7302
1670
4356
4634
8426
7629
3140
8093
5238
2134
6294
2932
3432
5326
6533
5573
115
358
6518
5379
4738
7575
2373
1694
2165
7009
6952
3745
8308
2625
855
4678
6741
4505
3263
3143
8685
9544
7780
3637
7458
9896
2657
9726
3356
5207
210
3549
9486
2451
2537
6592
4625
5430
4545
1360
1692
8458
2053
7721
9423
4556
352
8089
4698
7289
8068
8023
8996
6871
8827
6495
140
2877
4497
6085
3779
4048
2101
121
3170
2975
3682
163
8864
1447
5086
945
9635
500
8473
1088
2916
9542
5254
8934
7944
2379
2446
7043
666
5445
3746
3757
6200
308
373
8533
3149
5515
7244
5268
2173
6894
621
2025
8125
4066
8100
4265
3862
7238
2503
2893
5203
4431
5333
2245
9250
4696
5812
1679
286
7189
6684
8579
8132
4479
6475
1758
7842
9650
6096
7204
385
7957
9428
5424
673
8128
4608
3676
2078
4837
1033
5559
1655
2976
2860
4582
9621
6205
3673
3239
6662
8266
8696
2820
2046
6510
4461
2673
9440
4862
4041
2570
385
5100
1330
142
8270
6580
9477
9997
4474
9505
8756
6807
5522
943
1694
3639
3496
9397
6159
756
3681
9547
4631
9354
1338
3295
4996
9160
4585
238
6451
3309
137
8052
7209
2607
1254
4588
2831
4074
3668
707
4271
3960
1999
3614
7882
1937
2132
4333
2430
2880
133
6220
4333
1510
3597
6500
9166
9378
3221
4018
4035
3066
8728
3893
4449
8467
1343
7873
4
5220
6822
5617
2273
5330
1863
6640
846
812
7495
6906
1977
2543
1645
913
3725
1064
1338
7685
7421
6555
3650
2223
2237
3263
8804
2197
7890
3069
4179
7062
3297
1541
388
3332
5392
6794
676
4775
9026
3985
9866
5697
2422
1066
7724
4363
8296
9635
6588
7017
1769
9222
339
9915
8131
9442
7801
5165
5321
4282
911
7744
9009
4871
2237
4842
6751
49
9780
8758
8479
9673
5446
7843
4005
5346
3898
8354
4163
4740
717
8950
95
2832
6123
8096
3776
8737
6988
7449
5241
7750
4338
4606
4385
8436
223
7371
6921
1123
1837
8010
216
2712
1517
5545
5534
6863
4425
1902
4736
9467
7683
2084
2669
2504
6780
4284
5515
4686
740
7894
5048
7248
7823
4170
5752
7402
4214
4847
7564
4419
8556
3835
265
1859
4154
2354
2676
8670
3633
8988
368
1354
9537
1275
6421
510
9779
9280
5780
750
1182
8741
5588
249
3619
2041
9548
5635
620
6690
4150
714
8621
6911
4934
4435
508
9260
9681
8087
5031
5689
1629
4030
5129
2286
5736
9979
3935
5880
9626
6367
2355
3400
3646
5207
8357
1629
1630
8245
3400
9526
4608
5564
9911
9155
1159
5361
3657
8842
2013
3308
8478
677
8063
2569
7623
1374
6279
9063
4180
4822
7899
7674
9060
477
2107
2638
2779
5516
6193
6044
8048
7766
3769
8078
8045
3278
4633
5148
339
3132
957
9227
7497
1664
8089
2492
9730
4178
2387
2656
7027
7838
6386
5327
1911
4776
1078
4739
4078
3238
2506
3437
3520
8764
1446
490
6753
6084
9517
4976
8581
7158
9295
2509
222
521
9472
7884
7015
8662
6540
2421
7209
1013
7469
5536
8238
8537
705
4976
2760
2201
3250
5846
771
5576
6159
3060
1464
5033
2725
1622
4332
2429
3263
4727
9246
9305
741
1568
6000
7433
2513
9047
4131
3536
1224
971
6118
8348
307
2660
5
6881
2645
1069
8166
6600
3791
1623
8504
509
650
3907
6744
9697
6395
9689
394
877
318
611
7510
9025
9894
3832
1046
596
6551
7810
1757
9460
4339
2030
4718
5877
7250
4581
525
5919
3397
8132
4022
3280
1772
98
8128
9732
2119
7111
5361
1653
3264
8782
3802
6798
8548
2413
360
8498
9689
1739
4271
1797
374
9016
1471
8322
5002
4021
2951
3985
1119
3666
3376
7124
1617
5390
4282
5247
7664
8879
7749
1215
9405
2779
6307
5817
5246
2260
101
4278
6888
4994
2866
8349
6242
324
4052
3835
7256
9578
921
7614
962
5965
9200
6591
5113
3888
5633
4687
7830
5838
1629
883
4855
6261
7969
9559
7571
3054
1183
7894
3218
581
9782
6029
839
1414
3514
4796
5690
5366
2864
3840
8620
8059
823
8895
239
1979
5245
6722
8849
2391
1744
7461
3777
3593
9577
2226
7475
5052
3057
8175
1500
1427
966
3242
1217
360
6716
8825
2991
4228
8846
6537
4433
5869
7053
5682
991
9591
271
3286
5948
9291
5457
6361
2
8671
2195
5392
8817
3132
4395
7596
3201
7975
343
3940
2547
798
4352
5188
3314
4095
181
1265
9612
9784
7326
3027
7474
926
4001
7347
1318
2140
1203
5634
7558
9442
637
5360
9482
731
1329
8455
2073
932
3604
4653
783
8583
5593
5798
9287
699
8661
2401
3871
2760
1173
622
6940
7991
1155
5532
7762
444
5300
412
6480
7714
7197
3214
3879
3607
1077
9
641
9472
395
8473
363
8417
9570
1014
362
2181
3968
8316
865
2515
7308
6997
1127
9391
1326
2006
1774
9642
1015
5546
985
8997
5237
7472
4608
1922
8681
134
7551
9324
5509
8629
5253
5123
2773
3547
1394
1936
5334
932
718
4287
7198
2468
8094
9109
9535
4383
5426
539
6479
6904
9517
2459
2683
1598
7052
5987
9535
3962
8481
8833
9268
3379
9069
7808
4585
798
5602
4920
7855
1366
1171
691
5105
2024
3701
9813
1856
4363
4693
3687
5545
5374
8352
4251
7545
9584
7272
7650
214
5713
4946
382
8312
8325
8245
3714
1541
134
2674
7679
1429
9126
2612
3667
8612
6656
4750
8387
3003
8974
1313
7823
8991
9716
5600
6832
994
6588
6273
7782
2160
2898
4582
5895
412
7836
7678
1945
38
9650
9724
5917
7469
6667
6641
2919
3319
5018
8886
3118
886
1325
3065
4951
8354
4057
945
81
7151
9540
1102
5275
6841
8343
940
9996
3860
3825
383
2073
611
6450
8335
2332
3995
7708
7715
221
9044
1174
3596
3631
6760
9052
8234
7038
3852
2270
4191
8733
7299
4704
9705
1366
3824
6440
1799
7267
176
7474
7992
5616
310
6288
9279
5538
4469
2254
6724
1729
8004
6906
6336
8394
3358
2945
2835
785
8844
2465
1778
7985
2844
2897
5087
8842
7603
9776
3635
4202
5698
2841
1871
4279
5669
4416
4742
7722
5017
8226
5950
3519
6058
6182
9722
5036
9410
5386
1207
260
4358
3639
8329
3840
2299
969
2259
604
3460
9738
1553
1981
6930
9284
1921
1118
7391
8954
4298
7955
3424
1561
3306
7715
267
4529
6389
4175
8387
3561
1930
1195
784
7451
1010
4287
9410
5254
9374
5067
2549
6591
455
2897
9372
5805
2578
8750
6325
3534
8945
7205
4421
3396
962
6349
4032
9578
1736
7891
6309
2681
524
5287
8257
7589
9167
9954
9934
2218
6199
7309
9062
2870
4810
21
2775
2572
8613
7135
4503
813
6309
2895
4216
3431
8133
9832
1719
1601
3348
962
3327
188
3373
3099
1747
6604
2272
6728
6005
2512
1182
1141
7673
8825
4923
4512
9572
7109
9878
9013
6463
5649
2067
9795
4591
4611
636
9451
7669
3447
8958
4445
4872
5584
4014
1074
8534
2825
3583
6168
887
4918
8281
2564
5226
2052
3880
6395
9311
9164
7561
1939
5358
8013
3305
3178
1723
1266
8527
8575
8225
1150
9484
9229
4751
1618
8439
1018
3307
5370
7676
7745
5819
3353
976
658
7813
3661
6488
6338
3907
3273
4068
5997
9407
7971
959
5054
9959
1955
2644
2011
301
5933
1389
3436
5834
5411
1448
8236
5447
963
122
1178
1877
6139
8065
7971
9147
7066
5466
1595
1576
6060
5931
3581
1126
5108
6488
4929
7165
6040
9514
236
8734
299
684
9608
8931
7227
758
6990
1574
2881
4036
6154
1573
6827
2634
7664
2599
2695
3681
976
6721
97
5700
489
1122
2496
6277
3669
5696
8630
8053
1386
4411
8522
466
7594
7235
1137
3823
1641
4145
635
7014
6589
2709
3756
8501
2746
3267
3422
1283
9312
9771
9361
4247
5807
2421
8181
7773
9127
7425
3849
178
5910
3465
6366
8660
6089
7644
2557
501
7106
594
6749
9573
9890
7938
4963
498
7139
325
905
6559
8949
8416
4659
200
3331
4257
4315
6800
8029
5976
3199
7386
4102
8884
6576
2421
4783
2797
5700
4330
8980
8734
6280
5466
8925
8266
4369
7915
4120
6477
897
5083
6584
9367
7541
4874
3035
2609
5688
430
8170
3021
6867
5284
584
8180
5340
8869
8908
4527
3183
8256
3699
7393
9229
2421
6952
7577
1317
6866
3275
8527
9923
8762
5887
8382
2676
9452
1407
9283
8088
157
9014
2444
3016
9133
705
9046
5087
1813
3928
6696
893
4066
5778
8287
4769
6507
181
3975
8781
8692
3549
882
7653
2395
7984
435
2876
9821
9059
809
4373
8116
6353
3401
4435
1884
1068
8421
1664
5967
1048
7958
507
8776
3017
9934
4972
4891
1808
6506
4796
2462
410
2157
8245
26
3403
5814
3532
4519
5357
3480
3267
2462
6614
5849
664
1331
1314
2260
4326
2093
138
4030
1391
2810
4434
3349
2358
4756
6532
3638
6729
6397
5799
4652
7365
140
1333
5689
6350
269
5625
3925
4126
6483
9124
9542
9592
1922
3705
418
9774
5280
4952
8945
7380
6892
8682
4998
8532
721
6867
3597
2596
9578
9573
1851
5992
4943
735
4975
1099
1594
2993
2926
1011
747
8489
8191
1687
1653
419
972
4414
6018
8790
3699
4110
6575
9697
8594
8605
3962
2480
6041
5459
6761
890
2453
5691
3217
3239
8209
5436
6710
6991
3359
756
6953
1829
4042
1370
3878
863
7337
3983
1586
9756
9087
6078
2134
4541
8490
6638
9870
3691
6840
3317
3507
4226
7584
2490
8674
6027
425
3889
1415
478
6223
7166
2164
5138
7726
2057
4436
7948
926
5704
8307
6585
8243
1447
2251
1274
3929
3401
7354
5408
3414
5911
3966
5646
5901
4832
7916
9961
1866
4664
2737
8171
4925
667
4934
9060
7757
9179
3802
9651
7527
1564
2162
9932
8429
5029
7564
7074
1021
9532
9692
305
5403
6861
12
7729
1646
5937
593
6044
2302
2514
9907
7011
7015
689
8164
3963
4899
7264
6293
9736
1188
7094
6649
7909
7132
9371
5358
6447
5242
5513
3703
3989
2051
1401
4668
2652
9431
9630
7186
3023
5568
1124
1315
4224
2542
7996
4356
5914
5487
7848
5842
3420
2705
2799
7064
4459
6747
4897
2464
8303
4888
2124
8387
8689
5331
2497
2128
2197
9508
3293
900
171
8042
1174
7445
5344
1369
4621
8732
8256
3943
9252
2167
8080
8132
7767
4541
5564
5910
3187
4063
5770
6838
7361
5849
2063
7013
2589
8174
8788
9155
4048
7984
4412
5403
2635
4717
9866
223
5302
924
5735
6275
4395
6173
6540
6837
2596
6244
2466
1699
5137
2906
9854
1019
2156
6299
9694
5777
704
3793
71
6044
6306
3310
4025
3874
8146
2
678
2105
7482
7822
581
6548
3133
9895
8534
4116
7318
5359
3765
9354
1602
9714
8621
5164
4972
7134
124
6216
2348
5170
8843
8864
9890
1771
9643
9833
350
1171
7702
5696
8024
788
4435
6978
441
705
671
4010
5260
5343
9163
7312
5684
8701
2520
6258
4870
3908
522
7871
3480
9195
2386
4595
5873
5084
8073
5418
5147
3410
2644
7449
9863
3343
1597
8674
8662
5614
7562
3178
4587
7858
8206
1583
8983
226
1686
2262
9648
4426
9861
1068
8441
3931
3092
968
2317
1189
115
8793
5443
2138
3359
9536
7505
2535
1170
88
7090
2295
9152
7529
950
1349
3642
3809
9683
9050
3123
4237
3439
2509
8382
1705
7173
3088
4351
3458
1815
5539
4667
2529
7611
6308
2060
262
5044
280
6619
1156
4993
8179
5669
4336
5482
3674
3614
3936
3267
7414
3615
1910
1567
1574
9948
5857
271
367
2530
2783
8547
8840
5107
6360
6779
9702
5660
2838
2880
8197
4305
245
878
5313
9793
3828
7700
8462
19
1940
1372
4176
8834
8089
524
4637
2967
5680
2322
3325
3646
4069
1841
6459
7779
9700
4376
2119
2529
4298
1446
4856
5518
5535
6005
5175
7816
8683
9910
1761
5060
1591
343
1214
2878
7551
6711
3170
3390
9193
5944
3701
248
2478
6609
4690
2759
7129
3908
8874
7794
663
1402
8256
3557
3162
1058
4716
1369
7773
3588
7651
9671
5267
7733
4716
4737
754
8766
2657
2196
2124
161
9709
7840
3118
5535
7956
8961
9194
8305
7998
742
7447
4919
4132
2857
4333
8721
8923
5645
9202
6602
9413
1239
2877
5084
9600
6539
3152
8358
692
4712
7407
3425
8673
8450
852
437
7999
6449
8339
9999
6625
201
3852
8550
3372
4179
9546
1164
1630
8267
4624
1272
809
836
9424
8713
6499
9453
7662
504
8716
9350
1786
3310
1199
946
8149
191
4747
879
7970
2362
222
8778
8891
2330
3301
1109
8574
5429
5676
1177
2089
1163
3190
890
6241
9113
5191
5872
9804
168
4822
2438
1031
9527
4267
2699
7826
5394
8090
8299
2756
7197
9124
5122
5054
3869
3707
3773
6842
5263
6183
933
105
1077
4484
6000
625
8255
1007
1832
4684
9902
9145
27
9787
81
1409
3133
314
819
3726
7173
6647
5536
9785
6972
3438
6021
9768
8833
6101
973
1961
196
9244
1269
5299
5726
9565
594
1462
2768
9770
9716
7876
2297
8928
8032
6308
3223
9463
9973
1034
6867
9694
1059
4399
6155
62
5210
9540
769
4905
8632
6384
7363
2723
6823
9916
3929
1893
7091
6653
6783
7360
1918
4103
7090
6439
3811
6778
575
2632
3435
9470
9353
1243
2477
3021
8018
4136
9745
1758
8963
8572
5981
7430
4814
6009
8108
4721
8975
3217
7426
1194
8225
6500
2473
386
7571
712
4452
4212
372
6989
7521
2306
2010
7571
1335
4760
5558
2008
9410
8772
4079
9622
429
3014
9649
4501
2387
2608
7527
2304
6191
4142
2031
6253
7632
1891
8891
4186
5912
8300
4682
7596
8497
2801
4057
5748
9384
1049
1331
7016
8865
2580
8749
8619
2986
5755
2655
5515
8598
4113
842
9866
8241
3261
5380
6490
1356
8896
7268
1350
3476
6482
6009
7669
6297
1595
4220
6355
7602
619
6951
1386
4320
5198
9042
5014
362
3589
9453
6194
9658
6080
7652
7500
6048
8756
8030
580
9329
9598
5361
5092
4973
108
1831
1646
2925
423
3679
48
5839
8065
6470
621
6244
5873
9448
8166
6361
2692
9837
9846
5358
7206
4522
35
84
3242
7663
2010
1899
425
9365
3142
762
5523
7042
6820
3273
7808
6658
1133
8708
6646
9969
7727
6482
2254
4100
4944
3053
8873
1658
3628
7987
5910
1076
4036
8374
2228
8582
9529
7026
1386
8900
5642
3782
5200
6330
7987
3988
4097
5749
7329
2744
1121
2692
6908
3610
5370
8100
2080
8653
130
8450
7340
1552
9638
8523
7200
2581
2000
8530
5596
4742
9312
199
2765
6207
5973
1703
3914
872
4723
7021
847
2324
5409
3042
3703
813
3105
4934
4560
9646
4427
4087
6786
834
8927
5726
9173
8792
564
2873
5803
103
1465
8386
8405
1589
8477
5778
9181
526
2479
4793
1841
5042
2066
6143
5985
8309
8481
6873
2924
3548
4008
2535
8762
9327
6877
1876
5798
3731
5605
7013
8400
6268
4671
3375
6768
6417
5691
7008
528
9723
358
2568
2650
3013
48
7387
5362
1384
3016
566
2823
9835
8386
1286
2534
3360
6823
6192
7366
9063
2386
9746
3433
287
8432
852
5228
405
4831
597
3087
2391
7998
2615
8317
2967
4671
1782
879
9686
8686
1209
141
237
1810
2014
6845
9150
7933
7636
6503
928
8583
6869
8541
2420
9217
839
1051
3159
5254
799
5961
659
5075
1152
1409
9250
799
6786
1217
6156
8523
597
5657
5851
9390
635
6052
3441
1788
9978
6643
6556
2869
5440
9947
2272
1545
3887
3545
603
6943
7114
9337
651
3256
4558
3632
4562
430
4267
7547
8404
223
3193
9555
223
2644
6009
4770
1799
3544
4989
5146
7942
5582
7985
1589
8041
4680
5696
9096
3729
374
6006
4924
9149
2065
9930
6986
1853
9754
4208
7346
3878
4105
3331
1400
7768
3331
8964
6637
9739
1466
3046
1284
3416
4090
7314
2507
3166
9193
7566
4962
1153
612
6368
6713
8260
356
8582
7229
6265
7695
9124
6068
8983
6585
7224
2659
6722
9613
2604
5928
2129
8881
4016
340
1363
3367
6844
800
7587
5968
3348
122
4930
5618
7944
2860
3276
5392
8904
4733
8304
8992
8652
576
783
8087
6858
1144
3608
5754
9852
1089
4403
6248
6310
8124
8052
9508
598
965
8618
1608
1302
194
4092
5920
237
104
2300
837
4174
7426
6091
6229
6889
3638
5133
9938
1338
1630
5926
5919
4340
5951
9769
2166
6170
374
5248
7428
9739
1904
5536
7285
460
4816
7830
1543
5115
5863
8311
2740
9168
2839
2592
8186
5103
6949
4254
893
7237
2782
9422
605
6162
6251
5674
5806
848
7458
9500
8121
6858
8579
9575
5932
4407
3652
8176
1198
1900
2125
6725
104
5459
4208
8159
4022
2692
8115
9694
445
3438
895
729
2629
6628
872
1686
9627
7463
8959
7457
5845
1408
470
908
3810
5571
2281
4251
8870
2675
3710
4988
9112
7047
5281
2007
2841
8755
7048
7606
3873
4757
8760
5733
4437
1678
9229
8556
6800
3529
6789
4528
6919
6526
3834
8088
612
1096
7321
5300
9197
8027
1113
6425
8257
3938
2570
6728
3780
3229
8994
5280
2215
2372
3486
4022
8977
4582
4414
5961
6793
1496
7633
9888
9359
4625
1347
5703
2033
436
9367
9228
6887
347
866
9219
6724
6043
2500
2258
1804
2567
8169
5403
1351
285
9294
2619
2820
4215
4835
6378
4564
1548
8117
8710
1878
2388
3357
7643
1922
5796
2986
6183
5696
5332
6758
5644
3060
8987
8916
8514
172
8878
3684
9267
1832
5373
4592
9588
2630
2743
2539
4423
6302
5985
6467
6304
6547
8928
1143
7666
9114
267
1151
2250
4851
9823
3979
120
1245
9076
2887
5717
891
1780
8906
8372
1341
3651
2051
6352
8972
7315
5632
3742
9335
747
6177
8002
4394
1847
1431
2986
1746
5535
7057
4332
731
4165
7048
1665
1932
470
1001
5605
7547
2046
6299
793
8452
8144
2029
2350
2218
4537
4086
6723
1176
591
4740
6796
2473
604
918
1578
5026
7735
3044
892
7712
9993
8101
7756
7141
3310
2700
6652
6639
3578
3809
6163
2844
4338
3287
8135
1009
7680
3784
2808
3529
2708
3976
9892
2989
9345
8168
1290
9111
5880
6834
7073
9646
4289
9304
2768
6779
829
7594
4732
7727
642
1700
4300
2156
3721
8133
5130
6220
3123
7910
2591
5569
5855
5859
9995
4411
6879
9179
111
2140
8158
7948
4800
569
1352
171
8624
7566
5651
1749
3092
7791
4265
12
7428
3248
5001
610
4978
2608
6230
227
7492
4606
8667
7249
543
4360
3894
6214
6289
8843
4971
3332
8452
6118
478
6797
1150
6352
7925
5040
5854
4318
6827
6975
400
5662
8086
4431
5977
5307
4244
2761
1296
6271
6901
8022
7509
9262
5304
1381
658
99
4823
481
1181
7296
9728
2551
4343
9993
9869
8541
6999
9942
5639
6241
3208
5568
9029
6516
5738
9980
8161
6968
6043
5368
3199
1572
3277
1710
1396
8814
61
3724
4474
7072
5482
9288
5224
3353
9212
1325
8649
622
3113
6318
2067
6325
9409
745
2113
470
656
5021
9056
8132
5069
4615
8857
35
1614
4531
2463
50
7474
8704
1771
6448
3313
7083
7997
3666
4843
7662
7634
5440
7630
6498
3839
7591
7448
4938
771
6755
8509
5057
5224
5859
2789
6668
2918
2158
6352
5902
2633
9566
1661
6774
6366
6576
4414
8901
1883
9958
5245
5941
9318
2998
2801
374
2262
7038
1560
4734
7608
5166
2144
676
9074
3756
7297
774
7922
8528
4641
3023
462
4518
437
7482
217
5884
5710
8083
8923
8195
7999
7527
5302
7758
3937
5225
392
2937
794
9311
2699
8108
2546
3683
3968
7427
9260
1746
5915
4918
6977
8665
6876
6137
4641
5066
831
6716
6410
2850
2244
1468
4161
3342
6074
1865
2283
6289
3863
7022
4888
8244
4345
3492
8817
5512
8006
5521
3452
6280
9327
6878
4668
4723
5822
8641
4053
3767
8934
7475
9350
227
9094
2765
9319
3206
5117
3029
1170
8343
1891
6359
6559
9368
9355
339
4197
5995
6052
1019
5719
3049
5767
2856
3445
3358
9389
5216
7281
5006
1404
1858
5271
807
5732
3775
8250
9491
663
8911
9861
86
2154
7061
8332
7297
9420
3896
7330
7173
8025
6047
7529
3690
7700
9353
9795
4441
9801
6653
8296
2829
7570
9323
1203
604
1863
6308
2511
1439
207
8322
7548
1713
5790
9758
680
1575
2152
5507
3765
6106
2378
4581
7697
5306
2816
1018
5268
1006
9796
6177
2650
487
7789
727
6388
2044
3802
706
6543
5245
2289
21
2357
2871
7573
1730
6830
4869
5862
1371
2469
3008
7277
8449
5522
4369
7261
3755
5509
6458
3085
4629
9491
938
2013
4364
5565
4161
3088
4423
1306
3173
5591
7871
7984
512
2851
8504
3578
8167
6238
2655
7818
6692
8674
9608
6942
4963
6401
9484
4780
8657
8012
3509
4755
133
7060
6332
1714
5308
2391
8327
4772
7141
6614
8535
1618
172
414
6100
777
1649
5252
317
3790
2651
6935
1124
1192
7085
3303
5845
8565
5571
72
4546
3348
7156
8981
6137
8377
5226
3750
7148
8206
172
504
305
2577
3084
2429
7111
7793
5739
9063
3552
2312
4431
9711
7059
3166
8545
6161
7165
2493
8631
5138
9063
8815
3007
1481
7534
8736
7866
5499
4187
5747
1702
5127
900
6115
1939
8279
1927
6511
9622
1236
4924
6906
1931
3348
7658
3986
2587
6500
5167
702
7833
6788
5995
4482
9742
6095
5545
1726
8648
8351
5733
5249
1317
5770
1825
3722
8354
186
8960
4121
9511
5881
3638
700
3560
1876
9494
4396
2064
4837
3362
2608
1971
1835
8181
9926
565
8295
6051
1607
518
9812
804
5311
6099
1259
3469
1650
1369
8630
545
4837
5282
2830
6714
3579
1465
3292
8675
3080
7080
8950
9863
9798
7452
530
2570
4295
1996
9140
5559
5730
6569
7229
1670
289
1750
1281
9580
3307
8187
9612
8434
6493
8849
1442
6671
9027
1655
8240
8296
6117
8006
2778
4738
6191
5736
1368
5052
1480
2907
2579
7348
859
4043
4935
7701
7598
7444
8709
9863
8271
4159
9408
156
7404
5419
9
294
9711
5686
6377
557
9034
9512
7004
3
3596
6222
9722
830
4079
8014
8327
6770
28
2276
2419
4961
4833
7736
8638
482
2394
3435
4069
938
5526
443
6728
5592
7750
8077
3931
6955
8958
2308
4049
5607
2253
25
1301
3067
2354
9929
456
7497
9749
6708
4951
5765
4635
4356
9948
3235
5703
1137
552
