2692
2018
6668
416
6752
1762
1797
217
3163
2242
2478
7818
8193
3976
4955
3675
1924
71
4893
8477
3488
6823
2445
4061
7284
6717
6612
2365
1855
6232
3341
7883
2996
9298
5604
7805
1570
2455
6657
4256
3821
2837
2238
3540
8812
5780
3540
5498
748
349
9500
9035
4136
3646
9345
6462
3499
3632
6462
2893
1442
7386
4240
9514
2140
7779
8968
8266
1785
1106
3244
356
6092
5732
4132
4284
9456
6895
5777
9265
2847
3774
8267
5641
1640
674
8754
7100
4148
3121
6128
6213
9110
330
5933
2787
1832
4149
2791
5019
8045
7601
6647
2727
2931
4866
7919
7481
3733
4471
9354
7040
4350
437
247
7319
4918
3535
352
5456
9997
6797
3968
5225
7877
8211
7872
717
4996
20
7061
4308
8208
9738
8721
4288
9929
7814
7900
5655
281
2076
3199
5316
126
385
136
1144
7929
779
533
2875
6431
5989
9044
9529
830
5497
2937
4022
8596
3541
3883
8685
9949
7788
9602
8799
9593
9402
8655
598
5104
9689
1781
1234
208
6830
5034
483
3094
8323
1295
9724
6157
4661
4437
919
5230
2504
6769
2785
3106
7214
6143
7881
341
7008
6523
9630
4295
2364
6280
1119
7902
4403
4399
8989
2751
9248
5400
6608
1959
546
9496
3857
8568
8629
3709
4929
265
2860
5782
816
780
7757
1597
6360
3881
4412
1431
6121
2385
5474
9075
9420
8624
8663
5901
1508
459
2960
1133
3105
2501
3820
3110
2777
8576
4010
2832
6956
5818
6748
8154
3371
8898
7183
8324
663
6913
9673
8864
7241
4362
6371
9204
6592
1923
1937
5098
7204
9312
6176
1995
6448
5658
9390
6067
7732
3884
8521
9082
1233
478
5884
3495
8258
1514
7097
5819
1189
896
1969
3576
7154
1273
8468
976
2930
8644
1147
2290
7836
4281
1219
4922
9545
8569
1164
7089
3032
2920
6087
2740
720
6797
2350
1610
5495
1735
2512
3864
7496
2324
1960
3958
1081
4639
5417
2840
3233
6665
1324
8958
1035
4207
2243
3730
9192
309
4505
8088
459
1038
1305
9595
8491
2056
6470
4912
5930
224
427
1282
7285
107
7779
848
9866
6329
9517
2867
6591
884
775
5415
6127
9225
2942
6924
9246
8600
394
1668
2972
721
1460
7568
7652
7610
4581
4595
10
7768
4378
3453
6908
3368
1049
1626
3774
92
7916
7505
8087
7751
8812
9954
1527
7106
8369
2440
5052
7263
1247
9436
9261
1702
7445
9153
3929
467
603
2532
8901
6162
2569
4215
6486
8691
6878
1116
938
3681
57
2296
7195
595
4511
9538
4701
5886
1203
7596
355
4504
1272
4886
3282
9356
7609
5808
8623
5321
6025
1443
4125
6949
2529
1193
1265
9156
2382
7520
1740
5850
2108
4395
6070
1554
9700
6211
2056
9949
5717
263
4400
1052
5976
4655
4959
8854
4048
3389
7682
6531
1662
2868
234
3060
4175
4735
9280
9382
1935
3054
7903
3321
7079
7583
7188
2271
8665
3885
2972
1264
3860
6659
9831
9820
2544
8157
5932
5189
16
6276
993
1724
6462
2815
4073
6444
2138
5018
1622
4852
5218
726
5850
2938
7845
2450
7356
4650
6481
662
3419
8068
3536
1271
5573
3672
7216
31
8150
3942
4717
365
8821
2378
9696
8041
6563
8543
7426
1800
3255
2218
8119
5539
1033
134
3771
6410
1347
8885
2323
9213
6365
8787
424
3757
9785
327
8966
6704
3135
8880
8540
1646
583
1454
6220
6080
3207
4740
4036
9799
2323
3887
9670
5497
2929
2311
1188
394
7414
1785
5643
3
7349
4169
8323
5938
319
1427
9363
9945
8224
7184
5552
8000
6014
6469
4966
8270
5502
5537
1930
7143
7170
7124
2770
6485
2489
4653
4011
2086
7895
3872
1766
8447
2714
2443
9487
4887
1913
5226
9010
9525
3297
4287
1984
9772
1369
9465
1646
2399
233
1592
5054
7817
6152
3973
3665
8577
2553
6973
5287
6604
8230
9315
8096
110
5862
220
8576
7966
5687
2746
7549
9481
1706
5878
6251
5453
5501
2814
2150
2592
7883
6357
7456
2707
4946
9994
8941
8695
3957
7502
6463
3412
1293
4883
4154
4317
5212
3471
7416
6231
6292
8315
2015
6070
6823
6538
1948
6489
8949
4677
409
7199
3520
209
2531
4683
3936
1105
9558
2505
9957
9304
7155
7165
9533
2949
955
3483
4836
7138
8230
4808
5802
364
7219
3219
1578
2435
6624
9778
9443
1890
8331
9804
2548
3704
1550
5193
7475
3750
7734
6321
6366
9064
343
8839
5534
6348
771
9470
768
9185
8146
2800
6829
1646
3411
7948
479
4454
4346
1296
7668
3609
8293
9391
8470
2319
5446
8543
5655
1391
2139
2557
3340
2349
9122
3445
2576
2230
1684
3152
6151
5041
7719
1531
9841
4657
6378
67
1696
5617
1685
1854
2925
3614
5865
5008
8469
6574
6829
6280
8493
1936
5699
8232
8132
7929
1711
6065
1602
9696
3998
8796
612
1863
7991
4154
7172
4269
3112
5180
4280
1295
6591
8348
1490
8464
5945
6465
658
196
4953
7027
5653
1402
1809
4442
8693
9298
5092
2803
1579
9473
5045
4123
9129
5815
9223
9143
1762
1003
6787
5217
774
5588
802
7227
9949
4256
9455
4957
3687
437
6738
3822
5672
8134
4288
3931
7748
2153
2069
6910
7771
6939
7032
9287
1067
2000
2390
1975
8230
2348
8034
2277
2932
2784
522
6474
3772
4264
4794
6210
600
2505
7989
1878
9914
4945
4051
626
4346
3647
534
8018
6687
4678
1031
5691
433
9492
3353
824
660
1332
9396
2152
278
9929
6374
5576
4496
436
9770
5970
7029
7271
4779
9327
296
5472
8746
5046
3591
2791
9022
4028
9895
837
4853
1084
6192
8552
4446
5047
9977
4957
5016
5548
8487
7088
6794
8041
6455
9041
2961
6298
434
8732
4219
1839
1225
9375
4566
139
4744
3537
4022
2239
8836
7562
4935
2514
3710
348
8746
5388
1488
5761
6413
430
9950
2268
2634
7852
6324
964
8040
8574
2275
5752
6781
2501
6592
4897
7027
2824
978
4056
83
5799
8605
2891
2819
2176
1764
5380
4021
2332
8194
9028
7678
1788
2633
171
8845
7505
5895
6734
8977
4610
7828
3962
330
3158
5824
5587
4526
5857
3285
8377
3502
6640
5709
3174
552
1676
7856
5389
9649
2548
6945
1151
4973
3279
5501
1119
1533
1923
4526
6112
6022
198
3713
7727
2299
6066
2113
9982
3503
8665
2654
3693
124
7610
1299
2596
4945
6223
2345
5392
8908
9908
7339
2013
1730
5285
2063
6204
6204
9184
699
2010
7915
5247
5594
7504
9471
7099
9117
2782
1862
4783
4053
8669
2886
4161
8601
8607
6097
4215
5255
7780
7299
3087
5139
5762
4416
8058
842
3406
6213
559
3854
7440
9484
4874
1011
9587
4205
4732
8171
5785
417
5640
5020
9333
2997
8125
4433
6123
6589
2976
8863
2231
652
4492
867
7210
6651
4925
544
6101
8987
4232
836
5227
5460
3840
2885
757
705
6400
6104
7937
2315
4891
4122
3992
4066
1556
7212
9852
4058
6458
488
4696
5020
7327
8566
2274
6524
3795
315
6298
7636
7963
2347
1479
3138
6552
5701
6690
4488
240
9096
70
2334
9013
4621
5211
2614
7191
2753
6701
4979
5096
2476
2641
5256
9245
1350
5083
3679
3802
9480
420
5258
9192
234
9340
7804
5275
7845
7650
3561
7080
3457
2765
5349
878
4035
9359
8636
8696
5679
6138
6346
6105
3982
7769
669
3925
3773
2265
5492
1054
1321
5765
2077
6471
564
8615
6624
401
8498
4351
8342
9471
6570
2739
4816
8933
9814
9238
6679
146
3150
9422
9447
198
4925
5886
1242
5207
3435
3847
7002
77
1954
596
1448
3714
8823
9962
8722
8368
9511
6805
3177
1183
5720
3964
3356
1793
3994
4951
8188
8212
4538
4328
7179
345
7305
1550
1821
3241
4960
524
4461
9205
6188
3962
413
4124
3758
5817
9536
6703
2606
1900
3574
5382
3880
7144
8130
9879
9700
7489
4234
2807
8254
1451
6754
6937
6343
3479
1979
4077
6648
8051
6311
4331
5066
7823
4224
7980
5868
8706
6477
8838
8977
430
9843
861
248
9257
5606
2990
1570
8322
8731
9899
1582
5098
6793
2102
3211
8365
9297
1856
769
5104
2308
7764
4114
7026
3412
2354
7191
4163
4920
7844
9565
1186
7320
3278
6925
3931
9452
404
2902
9288
9859
73
9217
2607
3424
7493
701
2966
1982
63
5243
6182
4752
7103
9995
537
3243
8250
1207
2804
4100
9168
6780
7206
2981
9977
1544
2126
9855
3191
6702
4375
4375
420
2998
7942
6088
1462
966
9238
9962
5068
6882
3832
8439
6412
3411
1278
895
3774
8726
9682
8677
6387
2344
513
215
6427
6956
216
6916
8701
6556
6432
7365
299
850
6740
5559
7402
461
2104
3597
5882
3420
6542
6577
4057
735
9197
2423
2382
9739
6367
4106
9026
9628
134
1817
92
7887
1399
7507
2430
6244
4235
26
17
8398
630
4050
1286
4613
8928
5487
5006
701
5994
3260
3494
1080
7167
3820
3685
2200
7303
8262
8583
1055
3039
8017
6228
3660
2127
6407
7594
5404
6112
8820
8468
1526
8419
1215
4649
5393
4076
7931
3172
3011
3318
6956
8075
4255
4922
7990
5538
8530
3248
5498
4067
9493
9316
6004
4418
2340
2426
5777
7417
7912
9831
4019
8671
4116
5569
1354
5714
9939
6265
7047
168
1562
8907
3847
7695
1422
8398
4258
6456
3728
6759
8710
6067
2716
1098
5067
52
7416
5115
6101
6580
4618
1638
6161
4290
6460
1891
3820
1366
9158
1102
9023
3512
7300
2734
5352
4208
127
9511
1290
6879
3551
3231
1110
4713
5046
3131
5003
3429
5245
2236
6088
2457
4066
2705
8555
4025
9299
1886
4902
4035
8154
4368
5167
9045
5981
6065
2449
1609
4924
6913
2588
8987
9150
3217
6920
1927
5371
3502
4701
8132
3883
5077
3408
9866
3267
4288
1377
866
1743
3269
758
5035
5827
6533
2497
7770
2606
295
5635
4479
5415
5678
5452
1528
6197
4568
9160
1806
6118
5983
5892
9516
3046
4884
5785
6124
1827
7324
3774
9039
189
2775
7978
1968
8188
7511
1617
5268
2624
1284
9862
4518
1265
5073
1458
5951
7170
9923
9395
5200
7861
4144
5501
6104
3066
6895
1326
1175
1716
4011
3560
888
7082
9725
53
6928
1106
3045
4484
6193
1559
2835
9397
1313
8276
7151
5838
8601
6926
3121
1222
5700
246
3942
4219
9029
2928
4436
9888
7412
3085
5219
5547
2362
8527
7792
1535
16
4149
3691
8257
1068
4596
2446
5208
2118
4137
2342
2742
2407
2365
744
2440
9839
4779
153
2683
2394
1428
7958
2304
5459
4962
4172
2355
5077
3394
5463
854
7784
3006
311
7116
5769
3989
4666
6459
837
1552
7281
254
4944
9696
8779
1444
4100
7222
3870
1265
2362
9961
2440
183
3227
318
9423
202
6952
7826
7488
1065
3897
6593
1373
8064
2838
758
9575
3727
6162
535
7872
6103
8508
6415
2872
6514
8688
3698
2846
2917
5671
6920
9551
6443
4767
5775
9671
9012
6463
9688
3642
6659
1688
7314
5377
6300
8212
8190
4256
6380
8066
9071
7687
9544
1705
1266
7432
813
9777
5506
5367
3030
2425
4962
4777
3046
8502
3867
5486
9035
5771
724
9722
4778
6049
9797
8051
4795
9175
3256
3724
1321
7542
6056
6707
3936
3982
9049
2314
940
4136
6551
3486
1362
3501
6102
1028
7173
2687
1131
6601
7107
9460
6133
2586
8818
6537
4869
4704
9787
2452
3632
3791
9315
9094
9677
3842
9024
5952
5569
5269
0
5112
6921
284
9531
3713
1470
2939
1241
7887
8422
4472
4706
6600
5776
6191
544
7468
676
9240
5289
7468
1478
4952
4545
7102
8282
9304
8115
4186
1187
5003
9641
7957
4580
6784
3510
2153
7355
475
9648
3345
8819
9121
2582
3269
8941
2251
1809
3251
9397
8674
2849
3177
3751
3891
267
4673
8852
8635
8641
661
4677
9200
5833
2966
9419
1472
6455
7517
9475
597
3439
8628
8429
2792
2947
1874
8988
2567
7081
8720
110
3274
9843
4339
6985
7982
1511
3139
4401
2255
9010
8383
7947
96
8339
6549
8139
7009
7603
3833
5520
3533
4135
769
8520
6224
8336
5983
9922
6976
5635
606
8137
3366
8059
9848
1837
8753
6841
7368
7737
7493
6184
8848
5268
9422
3249
7638
4423
7988
6700
7861
4085
4889
2088
1023
1812
8698
7144
8347
5336
6379
3217
3250
9805
8497
580
7864
7017
2165
7148
3868
4682
4821
3255
2813
6266
4959
8766
1404
3762
5875
5442
2405
4989
3346
8078
286
9187
6973
7499
8835
5316
9498
6019
5416
2228
5230
1933
6051
2879
9683
6670
797
6631
2810
8607
7444
5127
8306
6791
7087
9875
540
7946
4331
9978
9657
8864
3670
3536
2989
8213
53
5422
1118
8563
6817
1593
1962
451
1268
4056
9074
5377
605
7058
2363
2729
7702
1918
8113
34
995
8011
8086
3426
4670
2813
7033
1553
6790
1204
571
8003
1148
108
1867
4700
9165
5469
2496
595
5619
2994
6561
7800
8793
796
7760
9176
8574
8848
2044
3653
3124
4185
9998
5006
212
3921
1693
7606
6257
7905
7470
6831
9355
1617
6556
7389
7852
9141
4258
629
8177
2061
3838
6250
9875
2338
7077
8914
2813
5032
6483
7354
1639
3231
2017
3050
6648
8043
3003
2895
8848
8401
8589
4332
4675
7950
6541
3752
8664
5311
494
4
725
7739
2708
5068
485
8376
7515
1960
4723
7704
8858
4005
2177
665
819
2707
7387
24
8670
9692
7278
2544
510
4388
4229
5376
7638
6461
5908
1597
3897
3240
9922
7161
3134
4151
1320
1771
1872
2473
3722
4322
4320
6645
369
5494
6112
5606
6176
1459
8528
9710
4885
560
3606
6212
9971
4240
2066
6226
7330
9136
9752
2467
4440
1768
4973
781
1014
7205
6821
4192
538
4410
9754
7918
4647
980
885
4306
4012
9704
6657
4960
2860
6905
3776
4349
7727
7664
4986
4945
8527
4486
1921
7666
9258
8218
164
1922
9140
6198
9342
6604
7007
5581
3893
8220
8891
9985
8152
1184
8676
7930
3235
7176
6177
5736
7121
9727
8319
4915
4828
9756
972
5512
9889
5470
9953
3796
402
6076
4318
5357
1343
8514
3554
1040
4269
8180
91
9854
1353
2172
1715
5795
5357
9166
8156
6036
6320
8253
916
7231
1552
9674
9289
8486
7920
3708
3862
4106
6275
9680
3254
283
4080
4706
2430
4919
5207
6409
2930
5287
65
8086
2414
5461
6475
6823
2061
937
5556
4190
9782
645
821
2606
3939
5806
9370
8020
3604
5305
9721
4622
460
6585
4724
6369
9305
9077
3062
8319
9582
8344
6049
9817
6896
1259
9247
915
8033
4248
1219
2343
6687
5778
1801
909
2704
1956
50
1500
688
7989
8800
4289
6919
9083
9198
3085
2269
9014
6156
4312
430
5998
1007
3113
8151
2733
4193
1145
7574
7271
9261
7024
6857
1695
2109
8725
4453
3270
9912
2580
2508
1061
8619
8126
9450
1698
8138
4146
6344
466
7219
7587
6023
5912
7401
5258
3722
2846
2272
8705
8617
6178
6848
9016
7876
7906
2612
8631
7041
468
8525
2902
4763
6049
1286
6904
7570
6650
7017
9865
9690
5985
9214
601
9151
5504
6429
5508
795
960
3818
8991
3703
4109
8651
4054
9626
7997
5035
7087
174
502
1947
1560
7123
9637
2507
7421
2320
8288
8073
6782
4211
9256
2186
8998
2879
7272
523
5190
4074
3215
5989
8096
8104
3471
4899
9697
9074
4032
3305
6508
8208
3684
8820
2930
7600
7911
2628
4735
8080
2376
8221
8567
1974
2304
794
9283
4050
7468
7416
6734
3703
207
8888
4891
8971
2240
4742
5554
762
5915
623
4226
186
417
3985
9569
7037
5411
213
8425
8775
8009
1128
3159
531
3646
2455
3619
2434
3638
4451
5801
3140
3239
9113
1032
7585
6915
216
6498
2291
5155
3013
6907
5876
9273
9342
4313
2442
340
7853
7036
8668
5075
5435
7802
5384
7821
3454
363
4682
6828
3056
2370
8287
9404
8777
8659
6991
6805
1868
2844
9015
2871
4629
7449
9668
8521
1882
5306
6352
9199
9524
3811
3480
5799
6731
1979
4366
6338
6923
7553
1462
7039
2839
2701
8831
665
5413
2033
6391
9063
9438
7329
2593
131
5371
1836
4230
3730
4534
5367
1443
7537
3135
9943
5461
8874
5037
8331
6322
7320
5106
5863
438
6851
3719
5272
447
1537
9329
7573
8035
9389
8199
2605
6653
7765
7964
9611
7498
508
4782
4210
2689
7175
1292
3276
2929
1749
5694
6008
8345
6789
5418
6868
8496
5752
3907
288
861
8223
5347
6254
4967
1409
273
6416
183
5518
7030
5757
4998
2644
5106
7878
3611
6947
9600
3051
7712
6942
2466
2838
6086
5110
7324
4665
6080
4167
1902
5222
506
7322
2294
8997
2762
7787
6158
8725
7666
7530
4083
6934
9084
3635
3267
7771
2226
7954
469
6613
1208
9562
5129
5126
7684
5029
1024
3780
5238
4854
1162
7083
1847
6813
2908
7558
8448
3367
3257
8441
7809
5364
5745
949
2917
8882
6898
7458
6986
7780
8866
3652
4198
2727
8225
1992
7022
1882
5826
4098
8850
8589
1052
5150
1329
1030
1587
2697
9540
6945
2421
563
9888
9278
1031
5210
4314
7885
4220
595
356
2079
7645
4135
9359
8331
2585
5082
4351
6601
1521
9953
4762
2057
9704
8638
883
3209
4603
8139
3335
3607
1214
8200
8481
3860
6839
6465
6299
8600
8768
1134
3767
9171
7168
4655
7586
796
1344
1894
4165
2799
4401
331
8623
6996
7436
2351
6375
2024
6476
5267
1031
1286
7956
1611
9859
5217
5154
256
1958
5962
740
2345
3592
2496
6930
4573
6803
4193
8740
6457
6671
108
3132
4434
8552
5092
6004
3261
6555
1939
48
9443
6900
2250
2694
9699
5803
2958
7010
9839
9013
2541
7565
9512
1439
6353
3605
9988
316
3967
3676
7901
4840
6345
1148
9819
833
7075
8194
5972
5603
6050
7072
4813
8978
388
1064
7371
2297
4364
5137
7840
8205
7680
9979
3585
2729
7431
5653
2214
2405
3162
3628
3585
3523
7283
2403
226
3856
5550
2818
8008
705
7936
9127
8517
8210
7057
8411
7024
3140
6261
9383
4697
7933
9955
744
6931
8061
1426
2787
1138
5814
3080
2136
6211
9873
7560
8583
3107
2209
2383
5052
2556
4983
3288
2741
622
1778
2801
3734
3527
5167
4692
9628
4913
3946
307
4054
6836
4807
6586
8426
5180
865
4066
944
3999
4670
464
1417
2604
4312
8657
700
123
2281
6030
418
1368
3540
4819
4597
6977
3820
1142
1297
656
6906
7588
7508
3335
6255
7191
4521
2008
4757
3032
1406
1404
4523
8192
92
9296
5137
3440
9373
7749
9095
1148
9035
718
9747
1866
9729
3123
1483
5787
5936
8794
2180
2558
7671
3721
2463
2592
6747
8345
1142
9823
73
2744
105
4589
417
2918
5607
2362
6529
5955
9009
3770
3938
4524
9763
9791
217
9658
4391
1531
3993
8204
8350
5874
5270
1200
338
3489
6289
1921
5457
3938
4330
1629
8772
5525
2433
4209
653
6143
6986
1520
1194
5774
9797
2995
4318
1038
862
3013
7055
9246
4417
8746
524
7628
5070
1166
1298
5603
7340
5744
9638
4439
8333
5844
9531
1274
483
8448
5499
6871
6854
7111
1501
2230
9899
5556
7314
636
9600
3035
2168
726
7857
1620
2217
4721
7102
8315
4063
6455
189
6201
9367
5022
8531
2928
2319
640
5094
9262
3925
4036
3691
2882
9252
5806
718
315
9023
2468
8778
6999
7948
7323
4292
2610
4656
9438
64
4780
2341
4922
1881
81
5267
6216
9065
9338
3467
2631
6833
2324
8889
5848
5235
5246
6820
2676
6545
699
1896
1460
6526
61
3192
4896
7476
6607
7672
6285
3886
5701
676
3127
6639
197
6363
4401
5837
9346
2999
4222
9255
5163
7283
9056
786
4266
2507
4119
4481
2847
7034
1583
9754
1318
6952
4528
60
7295
4125
5079
7550
2653
4666
5172
2516
1036
3966
4508
8333
3419
3249
979
5701
6949
4745
6878
5717
8375
679
1475
4179
9898
9423
5674
9218
1321
50
8633
7530
1841
4688
1925
3174
6568
538
7510
5019
9345
2918
8384
345
6441
4840
1862
189
8013
4444
1482
833
720
496
7020
8086
5036
1868
4433
2248
7461
8833
6288
2426
7018
17
3450
4740
6948
5974
5097
942
9100
4653
4949
7295
8960
4422
5782
3204
2839
1382
5019
1024
4230
605
907
2887
5556
1722
2862
8818
868
4329
3142
5282
5266
7170
7143
1664
1832
3129
9590
3861
6923
7442
2232
5955
9058
7137
8211
670
9080
2791
4807
8382
7393
2046
3080
3398
9837
5556
813
5344
5573
4010
6145
4084
4907
2946
2910
1080
9564
1881
2207
8054
3820
3945
4685
1423
5883
4240
9827
3592
6442
3246
7960
8308
4064
9876
2135
2715
7237
8096
9027
4844
9495
3288
2083
1420
9138
169
3460
1879
3642
7246
2950
1368
3504
6593
6824
3185
665
7263
9398
4051
3958
4489
991
8159
7712
7119
2649
5314
3923
4153
9385
443
3512
2801
2141
4227
1361
8728
9404
7642
887
9815
8999
4463
3822
8384
5829
969
4611
6819
5767
5932
5641
5738
7964
8107
8711
1801
387
4771
6299
8246
3252
1460
2930
6398
8324
9767
5737
3083
9014
1948
6683
9849
4269
6979
4734
5567
1423
2421
2146
9922
6985
340
1957
2234
222
3504
7048
7177
21
6299
8614
8132
5372
2345
3378
5437
8150
9121
3850
384
560
8477
3523
6970
2240
1198
6599
1124
6305
2288
5798
6053
652
517
7289
4940
2667
4645
273
933
8133
6953
2230
9377
662
417
279
1242
5061
9454
9420
5828
6756
981
729
4426
9831
7706
4402
8933
5769
3854
7484
5599
632
4789
6597
9563
652
9960
4995
518
7808
6798
861
1380
7877
1772
6536
3174
2173
8127
4842
8090
7774
8382
7645
3025
4521
4900
9701
2402
1471
4115
5806
2986
9183
4274
583
4459
5015
1923
7598
6073
194
6262
2559
4044
4558
5905
9969
1831
2312
1574
356
7343
4901
1130
8511
6573
2663
432
9905
2044
266
4653
5211
3499
4841
9032
3987
1601
1763
2899
319
8031
4853
8807
4439
5811
4457
6185
8919
4797
3772
1821
956
1282
227
8482
3998
2961
9955
9909
4119
2180
2266
7788
3428
2216
3799
5857
7497
4676
2444
8063
4977
9250
4461
8042
2714
2506
2144
7096
5549
231
4675
6407
374
802
6504
1648
690
2762
8385
3107
6248
4473
2508
6748
6778
4929
9733
1897
1403
4821
3471
5676
8698
2908
6927
2363
7897
8141
475
7115
9018
9111
4256
8446
2404
9861
8990
5860
5502
4262
8723
7943
326
2673
7383
7785
9981
6606
7636
5252
6776
2774
8135
4179
9969
6514
9349
5000
3815
6590
4151
3970
2356
6756
7014
5617
4471
9204
9874
230
2845
4646
8084
1727
2283
7464
4255
3928
9289
260
8735
3111
5769
1561
4728
911
7630
9084
8989
7209
3943
6672
5832
2668
1558
9287
1575
1205
8136
4165
6474
9513
5671
5524
3440
5990
3893
44
1017
168
3254
7555
1316
3730
2868
5607
7629
5153
7351
6635
1326
2
1490
5513
6654
3037
414
8044
3211
5040
1011
2589
378
3329
3954
5595
1510
5328
6853
9943
1583
1964
5813
32
7223
3875
9323
3860
3240
100
5178
5788
3815
4697
5883
4744
4869
2118
353
3482
9741
1306
530
7478
7764
4468
9246
1011
6235
3731
7015
1
5787
5837
7615
7235
1131
308
6145
940
8069
2444
1341
9591
3980
4394
2255
2288
4299
6403
9632
3692
7121
8629
2703
515
3629
1080
3760
9034
1647
464
831
4317
8616
7959
3029
7181
1414
2212
9372
8825
2615
604
9313
7689
6002
187
959
4521
4786
7928
1362
3188
2413
4805
5497
2623
5504
4424
8983
6399
6070
9162
2854
4254
139
3513
9541
9784
3220
9086
7063
5161
2165
9970
1139
2793
8444
7753
7910
8050
943
5103
6646
9602
780
1258
3324
4405
1163
3502
7031
4001
5205
7565
8086
1829
4695
4921
9605
8325
4812
3194
3866
6106
1960
5902
4057
2185
3829
3275
2053
6236
10000
7989
1168
3239
1236
438
1780
4143
3721
6174
6697
2096
7924
6471
6809
8510
4652
7152
1370
8354
5007
2997
8776
318
7817
7795
7225
953
4646
985
7276
7729
7823
2488
1100
8671
347
1694
797
1136
5411
9482
9641
6543
372
3633
4535
4114
3509
1720
763
8662
5660
2778
3089
1673
6976
9861
2177
2723
8925
4278
8657
8518
3241
3581
146
5493
4230
4693
6321
2105
5582
8311
3506
3008
5177
9235
3228
4138
266
2789
5015
7100
1674
1684
7817
4885
9789
5323
6179
8734
3746
3153
6370
7736
7261
866
4055
2530
2719
2138
135
3698
3018
5467
9735
1275
2300
171
1446
5781
7879
8622
3806
6186
4338
7337
5143
5659
1155
1974
1682
4859
8348
306
5038
5929
4706
1528
3594
3381
4327
1909
9335
860
7589
801
5100
685
2358
1393
8855
1065
7014
5931
7258
2055
7643
4604
1660
7946
9798
5688
4781
3286
992
1994
802
2384
4506
947
9612
7079
2185
2097
2147
929
8734
9101
2885
5593
6319
9181
340
6104
5629
2725
8108
4456
7860
301
7004
4904
3278
2870
1727
7421
3306
4943
7472
6923
174
4005
1127
5434
5226
2610
5771
3814
1680
453
6756
8767
4347
8634
795
9161
8824
3792
2103
1287
4203
9890
5894
868
6176
124
5533
8913
7324
7418
2442
1325
3882
1613
6002
7155
8978
6388
4819
1794
7343
8666
75
1854
2313
342
8945
6929
8427
2910
6885
4871
7547
9432
3066
2547
7575
5297
6169
2932
6237
6016
2985
4646
2780
6815
5860
7320
9326
6781
1275
4529
415
8603
2169
2596
6540
1065
7837
281
6290
4369
9182
2410
1731
140
7959
2947
1934
2273
9727
825
404
8884
1946
8694
1940
6341
8685
2997
2170
5522
2646
3815
1020
2962
7861
4133
9568
3139
2806
1073
5249
6899
6447
7509
9227
9875
6370
9319
3030
2068
798
7597
8931
3141
1509
5616
5569
1860
8084
1428
3041
3081
4812
4334
9642
496
6887
5057
6143
6740
4020
7202
4140
702
6135
8798
8560
1926
7396
3959
4915
2282
8514
609
5640
1523
3558
8113
8835
6218
5647
8189
9686
400
3560
1100
6570
2071
3510
4177
5610
1000
5829
8286
2416
6491
3345
6806
138
7096
8151
6214
5337
6157
7627
2743
2800
3847
1941
2808
6593
1533
8410
6215
2509
5606
4505
6808
4440
5491
7287
8848
8559
5830
1109
8717
1591
8441
3436
4870
65
8049
8322
9091
3712
5773
9975
8061
2880
4820
2966
1582
5699
2374
894
1356
8265
7627
5557
932
5441
2760
1142
3777
8311
5652
3109
2817
2067
720
636
5024
7427
6557
6383
6175
4337
7705
2642
9299
4921
5799
4332
5972
5632
2682
10000
7421
678
8286
6993
2087
829
9918
67
7394
6930
4857
7470
7295
302
8943
3683
4441
6372
2803
3998
5109
1608
3989
2540
9521
4892
8444
7940
1622
8310
2795
1916
3760
5541
1695
9872
7994
6813
6509
3391
9002
5740
8909
8705
3032
7368
8370
1892
2008
1581
386
4975
7281
4148
1866
297
6145
4458
6478
8170
4869
3486
4757
5550
7570
1200
8517
6173
2201
3784
8302
6915
2879
7935
5717
3571
8150
1728
3509
1526
2708
3561
1170
4157
3005
2097
3390
4148
4439
4584
8949
4358
9050
4373
3800
5892
2294
3485
7030
9860
7684
6430
5403
4497
2340
7170
6632
1743
7237
8748
3665
2077
7973
2991
4367
2769
7954
223
2656
4640
5393
3277
1172
286
1029
8656
9707
3416
7367
8996
3434
1625
4808
7619
1901
4950
1812
3031
5379
766
5720
7760
4208
812
9050
1416
6000
529
3684
6922
2166
4195
2323
5848
4600
5873
8224
1523
9567
7211
465
3552
5554
9962
575
8184
7268
8026
8868
1363
1621
9765
2360
6042
2489
1857
9756
6030
5332
3696
4871
6642
2382
2033
6432
7051
2930
3609
756
7221
5508
850
4976
7491
4613
3801
7696
4060
135
3385
3371
9780
7901
8667
4184
8497
8931
1728
1629
8911
2490
5506
4020
1366
1604
8251
9317
4149
3212
6921
1625
2748
3299
3589
2118
2866
9167
988
9121
6998
4678
8066
9310
6374
1399
8530
1431
6499
8425
4093
3370
4295
7147
6320
5897
4602
2921
2407
29
6771
4774
7098
1202
6286
9900
6954
9902
9366
1672
5983
2761
3617
7871
7082
572
9343
6944
2300
4293
9526
5828
3580
8549
9222
1212
3410
944
2452
7518
8999
8076
6976
6598
6088
3121
5243
2474
4588
7848
7946
9944
3382
3938
3318
5186
8179
7786
7189
5115
8178
8427
4332
6662
5225
2780
9210
1772
8908
1495
2226
8616
8390
2293
4276
40
9643
8686
2682
6744
8845
2048
3844
1260
8471
6161
7085
2456
2640
4763
4002
1615
2966
1972
6744
3457
1851
4198
1647
2610
3002
6802
8141
6744
7086
4346
3838
8824
1696
5867
8952
650
1987
672
8589
2355
5376
1901
6593
3243
5459
5806
1649
2948
1670
5256
2974
1691
9462
9960
2633
9691
9191
1161
8683
156
5912
4433
6356
7799
7320
2385
1301
4147
4251
6819
6281
2455
8000
3540
3157
3077
1650
7510
9122
8474
2525
1780
1783
8081
8720
4202
7479
8780
7924
849
8363
5319
8023
3770
8094
1741
7547
6281
502
9511
8756
8583
8549
9330
2593
7780
3760
1261
9027
7699
5927
1351
6600
1506
9292
408
1210
3492
452
3302
7196
9948
9985
3228
4454
7928
34
9333
6686
5592
3038
3136
9930
5585
5974
5376
6914
7281
5279
2410
3851
3523
729
9218
8900
7786
2377
2310
2869
3557
1211
2139
6994
2576
6406
2434
1934
7655
8038
3928
5169
1821
1374
2986
7183
9784
6503
5141
3334
2285
5364
454
8997
7059
9561
8600
7150
8582
7838
7273
1943
2077
5553
3351
6955
3986
422
2617
7180
5926
3042
7561
9705
9820
9947
1945
4964
490
3769
2643
3804
3420
1361
7862
9389
82
9577
4
7514
9312
3975
485
4594
6591
5981
6665
3129
561
4975
851
2433
1881
7052
6668
2550
2875
4320
7994
475
5045
3298
4942
5694
8017
3239
2981
1126
4303
8448
1207
6174
6324
2851
3360
2992
5185
3593
5212
7452
1328
3333
7097
3996
2795
2764
7025
1311
3043
6530
6601
4420
2053
7090
5456
6434
7877
6850
2517
5464
6878
9784
2809
1878
8664
1394
851
3177
3245
1263
7449
3427
6465
1567
7126
791
6540
5993
8592
8609
1003
5329
6754
8782
19
4950
4007
6211
4241
1505
1625
2987
7281
8388
2299
8865
2877
4090
161
6025
5919
3328
3825
9400
9423
3127
8939
3594
8165
4076
3973
1088
5761
9309
2443
997
8835
2709
4709
3827
2110
6367
2162
8450
9366
4221
3657
6041
3535
900
1765
5942
3287
97
3118
3066
8349
5407
7709
8945
2528
2619
562
3852
7134
194
7453
6551
8340
3124
5816
1249
125
996
431
1265
261
4063
5019
3701
6257
1855
8097
8713
8529
7973
8568
8771
4240
4377
1609
4267
9383
3011
1670
1172
3264
8681
4904
9357
3093
6322
1710
2886
1029
2282
4671
5976
2585
3857
2679
7261
9892
9236
7317
163
2572
5819
8198
2923
1550
1409
15
8686
2600
6200
5302
8639
6723
8097
551
2362
3333
7236
4694
4719
5802
527
7966
1623
8136
7848
2792
6250
1219
9683
7820
2339
1190
4231
2787
8704
6801
1966
127
9624
8973
1004
8806
9600
2794
4287
7105
6415
3573
233
6369
5942
878
4953
1859
9712
8899
8063
8172
7518
6443
5834
7222
6603
5065
9413
6455
2672
2518
3651
2072
2257
5768
6933
9129
3702
8101
5127
1823
6307
8829
4098
2994
5805
1076
4647
1993
8161
4844
1071
5109
8563
3415
9958
9734
1732
5252
3135
6342
1874
6872
5249
4434
1513
2646
3164
4525
3852
6069
9016
2604
1885
1244
4114
2508
30
9883
9792
1231
7762
1003
3550
9171
9918
4147
7013
647
8058
2799
9121
586
2920
7409
3884
8125
6286
9988
5449
2390
112
3908
4428
2716
104
3290
7048
8193
3284
9186
7566
4405
8795
7947
9606
3434
2050
5397
3498
1738
7043
6487
8662
5466
3749
8622
9445
7700
1383
999
4506
8950
3408
3979
6587
6150
7941
8419
7877
7983
7370
3562
3315
7915
2233
1447
8163
2908
6247
9576
2687
3246
771
3630
3529
3813
49
3474
4192
3127
2622
2210
9381
4901
1595
8958
4194
812
6431
548
3374
5627
5581
2787
1997
1141
2854
9408
1911
6853
6579
4311
571
331
9253
5185
5867
8642
5545
7959
1262
9657
8233
6985
9585
3053
6089
2029
2468
6285
8930
6301
3962
5385
3250
7579
21
8609
2661
2822
2673
927
7158
6486
1383
7438
9399
2939
9554
6708
7781
9783
8750
3251
446
8114
8642
2558
4181
3749
9328
3951
6622
8615
3902
2259
7939
6741
2290
9529
551
7077
3422
4150
5638
8340
8210
961
5865
6251
2149
2979
162
7422
9314
2036
2832
6170
5607
8081
9839
7146
1168
3646
147
8490
4087
5233
8153
3247
6419
3650
1257
8440
1499
7693
7221
7057
2357
6087
7034
8634
5171
286
9408
7942
9527
2591
1523
3535
5845
266
6005
7229
1377
3351
1711
4330
720
2496
1579
939
2864
2149
8754
5187
4674
4506
9136
6071
5225
7641
7065
4491
5728
4260
886
9628
6317
1095
8188
2668
8147
3275
1966
67
3421
7685
6656
5958
52
8698
1295
750
2705
9908
6985
3233
6245
2341
4338
8589
1907
4376
9168
2287
5984
8942
216
6911
5320
668
667
3058
502
3041
1232
6
6252
7791
2451
7157
4868
3624
1653
1064
1372
5592
6160
4110
3255
3330
9634
892
3296
7911
572
2333
6057
3043
4193
6729
9659
4927
5844
7983
7875
4782
300
9027
3802
2724
6445
7349
1381
8856
7780
2053
2810
8399
4547
1105
6595
1556
6366
7366
5931
2314
5579
4600
9036
8057
5143
3869
800
9934
1598
7283
9700
1860
6882
9019
2643
114
7818
4238
4879
938
6768
3622
8866
9675
1158
8393
7667
1811
5972
6876
1948
203
1103
7965
1918
6137
6610
1489
6034
3445
2124
5006
9274
4281
5431
2198
8261
1406
7513
5844
9387
9929
3479
5784
4037
892
2559
7344
5740
5978
4126
5223
5763
8558
9333
6262
7572
5563
1137
5525
4000
3979
4181
5151
5951
1090
6587
4662
3530
1590
7441
2216
6638
9327
698
2772
3071
7749
6972
4132
5505
6940
4054
4112
6680
8208
6107
398
3422
5739
9698
4899
3798
6184
8154
7918
1425
3364
1991
5242
1630
8343
8406
9625
9927
3941
4792
8415
6767
9281
8930
3939
8211
8861
2457
4791
4759
1521
2636
2143
66
8943
4756
6899
9562
6407
1786
3785
8813
9061
6832
1643
6294
54
3129
7858
7355
103
4451
9912
975
2984
7836
6774
6311
9042
5416
9916
9316
5732
6404
4268
9783
9531
9268
6094
6012
8618
1535
855
4035
1326
4995
598
5188
1373
2395
4235
7659
3559
6325
1622
2651
2055
5192
8178
5531
1031
2487
680
150
3976
2856
9008
121
4945
89
5004
5506
264
1723
2120
3669
584
259
8894
9098
4275
3794
3105
5031
885
156
1382
2285
6827
9738
4201
4464
8521
3463
8052
5512
59
3201
8926
9215
823
251
7279
9886
9207
1597
1262
5478
5748
5173
7467
7829
9105
5678
3899
1390
8230
4771
9690
2202
7026
426
3130
4372
5465
1576
7910
1988
1140
5920
6737
3768
3579
3216
4986
7689
3704
8814
8204
2570
1688
3310
7813
6746
706
3502
9865
6144
6849
1296
4351
8398
6360
5455
8760
7562
4070
4741
4064
7461
7830
271
1292
5180
3724
4801
606
8458
4461
1790
7488
57
3276
3594
5380
1495
1402
1413
6655
7523
9609
8088
8710
303
8059
4788
2868
1885
9845
6746
9410
3835
9576
9556
4268
1860
2076
8942
7939
5037
6411
6730
6967
3117
4566
6226
4142
1572
8173
4193
3703
2976
9892
5896
7058
4966
1247
1505
2777
686
5813
7875
585
7626
4936
6040
4008
1507
9362
2046
2554
2543
9393
2574
7658
6498
920
7166
7609
6045
7429
7854
3566
2528
6903
7471
8967
6204
3270
4390
766
71
6675
9652
4194
7568
9343
6015
9499
5658
6401
5146
3953
8723
7018
2567
7411
5070
9938
2544
281
1018
361
2438
7067
770
4449
2963
6440
3045
1686
5670
583
4180
485
8760
8841
5293
5768
2110
3798
2990
5078
9630
3041
6257
4832
1409
2267
2482
4482
4177
7257
2245
8350
1532
5385
9515
9421
723
3645
5448
9864
6689
2732
2710
4315
4914
8026
6149
4677
2388
9337
879
1597
507
9144
7387
454
4454
5244
168
6002
8313
2270
5614
8304
7221
4202
8098
2748
4230
1918
5430
7094
4804
5795
5569
2662
4877
309
9492
1177
3239
8612
7154
9060
5048
1745
3580
3963
257
7665
5352
7483
2320
9268
4740
247
9372
5706
8408
7991
2691
1003
6452
4048
671
3385
5247
1720
41
7466
8760
6013
1315
9530
7930
3044
2449
9202
5303
6483
5640
2041
9434
8796
1495
2702
3197
9499
7866
4315
1510
6403
4564
2511
4036
5038
770
6163
6922
5218
3855
8687
3573
6220
5643
9478
8602
50
3511
7626
8810
4218
8124
7565
9434
1240
8690
5168
1996
6504
7862
7710
7787
7100
2684
2304
2961
5044
1829
1482
9747
6286
4742
3204
5403
6104
8445
1376
9168
13
9406
4962
4115
863
5372
4948
173
5954
4988
4610
8277
9362
7627
2729
699
7116
1953
4097
7009
9500
7398
6447
3916
9351
1973
2860
2467
3700
6249
1761
1979
6430
2105
1344
1409
2224
6695
8564
4244
8934
4535
586
9033
5527
9825
7042
2367
6173
3823
5620
5660
2610
3938
48
2239
4555
8683
5691
2031
6193
1073
671
6632
4130
157
9834
5692
2358
7524
1426
1547
92
5230
4995
7485
6362
3156
5367
7205
6321
9487
529
1962
8686
6628
4655
5758
5408
5722
1835
3126
9283
4801
4488
5182
6341
2680
4289
5617
7218
5261
8129
7706
1600
4543
8048
8912
8646
9541
801
3411
8499
9837
1570
9219
9875
2638
6128
9610
2500
7781
3253
4479
9340
7674
5854
2219
1938
6476
7078
8146
6730
8892
9564
530
966
439
2921
2254
3319
4515
8543
6424
3587
8138
1463
944
6776
8749
5552
2097
1305
2514
1752
7219
9135
2620
617
3511
722
8564
6000
9075
1429
9288
7320
9724
6628
211
2744
9980
1635
2424
1620
7783
1106
9894
6757
851
6005
9448
1890
7611
6675
3474
6106
6346
557
5872
2341
8586
7328
146
5622
1385
3630
8764
1466
4206
4541
4467
7475
832
1989
7737
1858
1512
9683
2552
7938
7257
1918
3325
1238
3660
9495
3828
1764
9177
9815
4229
9248
5790
6773
6208
4458
301
9226
4527
2437
3169
8217
8544
8530
856
2331
6067
8799
5337
2376
6546
7409
4083
3240
3357
7516
2557
214
2203
506
3433
2609
2787
6088
6163
656
203
7750
6382
4350
3384
2118
9000
9289
3515
6849
7286
728
7168
6180
8098
4058
3844
2069
6848
4528
1688
5386
6357
3089
1902
5159
830
8753
9878
1717
8232
1596
7018
3710
7529
1823
8836
3000
3006
9450
243
682
3411
9868
9960
1709
6268
5758
2422
4274
8375
8897
2145
289
5282
6288
3971
3422
4007
319
5858
6692
6193
8389
2089
1151
2559
9933
8559
1550
7606
3879
1031
8386
2178
2702
1445
893
2365
2996
4903
1131
3120
5640
9263
2171
2090
6406
356
6721
8119
320
7824
2720
845
1857
2561
1337
6332
9466
5772
1927
283
3984
9904
4326
2389
5121
1610
2938
6348
6032
9186
5723
1618
9405
9423
4457
4489
8532
3497
2833
8985
5310
3414
5334
5276
9046
2747
1988
6399
6089
5955
1309
9438
5057
913
6775
9253
7387
8920
2316
2033
4464
1334
3326
3396
6537
5612
3662
4127
116
6637
9337
8875
7335
9106
3477
698
3812
4394
1635
9580
9100
2457
631
9348
1045
7282
1254
6806
8803
3872
3390
718
9187
2091
6679
2724
6529
4236
6925
9409
8048
2541
9161
8438
5150
4896
1451
9224
1067
2134
5685
2058
2572
3685
8341
780
3778
2854
336
5835
3913
6820
825
5139
927
6931
428
7943
6144
1002
5336
355
4970
8507
6424
2904
7009
5365
787
5070
5685
6637
4415
8053
7382
2204
5503
8483
1112
9829
8318
8058
3678
574
8443
1021
5691
143
2590
507
1640
7370
7969
8518
1604
8915
1839
7022
916
9659
3071
8156
2980
7410
4377
9731
6657
2902
1653
2561
1599
3287
4421
4110
5066
8868
6765
349
8821
8235
1789
9462
7877
9246
4129
4749
367
5904
3500
3361
7670
2479
1144
8081
1213
3579
775
1503
5655
9581
4836
3395
5813
161
8298
3768
1130
1698
3691
9211
3109
4108
6764
6361
3914
6843
9738
4978
9282
6948
6091
1251
1973
3699
7585
9315
3711
634
3265
4987
4455
970
9333
4484
7840
6606
1654
79
2655
2256
201
1352
8510
5417
4321
8430
6072
4324
8708
7212
2043
8095
7013
1044
1960
6747
9198
6806
5181
2062
2567
4031
1552
5741
1010
1125
3837
8658
3959
7855
2757
8929
1538
7050
209
9878
3955
6617
9103
3082
4133
8547
520
1750
5533
6382
1644
2339
8077
5611
1869
1019
9404
6958
2829
7241
8371
3418
66
7326
1513
7203
6625
9170
3623
9325
7294
6177
5534
5124
5313
1101
4596
278
6123
8304
4215
9339
8470
6687
4234
974
1925
2124
1040
6962
1064
9900
8402
3462
8041
7807
7648
7224
187
5002
9810
6386
124
3133
5512
2970
3101
4442
6594
3422
4885
8680
1919
6496
3339
8619
7899
8379
373
6447
2415
6407
3848
3304
5251
8254
6684
3956
2890
8983
9787
2666
3286
7336
4547
1047
6605
4278
9623
9530
2006
9803
3586
9995
7558
6093
6816
6251
7299
9626
59
8860
7719
5181
418
5905
4683
6297
3161
2059
9631
8565
5338
5883
9094
5113
4933
3659
4668
356
7944
7877
9310
1075
8511
990
3815
4582
6697
4026
9837
6491
4414
1614
1144
3090
2271
9613
6444
7983
5100
3930
8584
3832
1467
6013
8798
3282
9908
8951
3402
9469
846
206
380
3040
5124
9661
3252
9410
6150
7679
190
4726
6687
4916
3714
3054
7130
7638
6411
6810
3343
4297
4318
43
8150
5946
7371
6701
9441
1213
7162
6765
5655
9686
8215
8016
1767
3037
7601
1594
7687
4721
6772
2475
8530
5282
9244
1142
1454
9940
3983
6594
5922
3815
2112
6914
1833
8446
3161
6982
3659
2321
1484
9292
5657
3450
2937
9850
5836
342
2410
227
7457
8520
6890
8436
294
3981
2467
1074
3735
5990
455
6221
5657
2453
1727
5603
2276
1871
3843
4453
8609
2097
5536
971
6892
8892
168
3223
9727
5676
9003
6811
9101
3556
8162
3583
9413
9277
6055
682
4695
6078
8117
4865
1698
2362
8196
2046
1670
5166
7474
6960
8950
1599
8373
1958
2256
9107
2080
3310
6780
8831
5381
7774
2723
9710
8916
3303
4985
6958
2679
4582
4071
5937
8000
9212
6352
9525
9604
8151
7162
4619
8881
8088
2477
556
5583
6509
5808
5190
8817
1287
9076
7302
4396
126
3725
750
2428
4233
2611
268
9411
3710
1462
2927
3099
4918
5919
7220
6735
5460
5365
9647
7796
4150
8381
2825
5696
7198
9696
2548
3986
8291
8755
7552
4493
2563
7980
541
6330
2825
5556
704
3853
4587
3858
5595
9404
6184
4218
551
8628
8031
3824
6027
623
1923
1013
6582
2198
6266
1524
9436
852
123
2709
7421
3920
9086
8024
7430
302
515
3952
6433
6535
7816
4851
5918
4157
136
7462
3360
3532
6963
1126
9793
4750
2458
657
8067
538
8297
3316
6724
1482
7081
9657
6943
7417
2980
5952
8212
4112
9327
9294
404
1718
9794
191
8636
9181
9413
3099
8553
9056
1512
8073
2983
9446
4583
5227
9655
3328
7258
8235
2295
292
4809
4177
2213
6296
9426
7434
6753
8730
7011
6293
5935
6386
9476
7294
6152
3233
2694
5828
3240
7977
1975
9430
5139
4605
8498
3532
462
5910
2958
1406
9901
2033
3675
1692
6830
164
6283
5086
7987
3332
2973
7650
8702
1518
2912
7032
729
1719
4126
7939
7541
4786
1249
48
6627
6431
2735
5946
4157
6955
24
4846
1814
7706
8471
8608
8643
9153
9764
9180
2464
7515
623
2043
3007
8622
3261
6738
4026
459
9716
3704
5979
8948
8853
4614
5603
3256
8476
359
1958
8821
3409
1379
2960
7183
6277
8349
9494
6291
158
5778
2706
7784
6331
8616
4804
9600
2834
5663
546
5048
8841
9574
5180
1080
2161
6102
5936
8658
377
5132
9332
8805
445
5019
515
8613
1341
6762
4432
6791
4209
3302
8177
1305
916
6483
2154
2239
3570
557
2021
2001
6716
5071
2550
1622
9359
1925
5219
3266
9077
2208
3166
3851
677
5101
8278
9863
3960
6195
4902
659
7303
4600
6859
6886
6432
1981
3914
6147
9000
9196
8484
4859
4418
7720
2426
9817
1034
1954
657
9783
5807
8503
3665
1121
5095
8297
4342
8479
1827
4272
8776
7171
2874
1697
386
7936
4032
5064
4994
6094
8402
9689
5082
9300
4488
3671
1356
5506
5429
1657
6871
9005
4996
8010
417
4067
7944
5184
6026
7926
1427
2059
4682
7771
4513
8867
9372
2426
6848
2381
3859
414
5285
1942
8589
1103
7520
1461
6629
1601
8196
7500
2201
3650
2622
5498
8350
3742
4284
1000
569
6586
1156
2921
469
2171
4455
4598
1286
8819
4770
3047
5043
6395
3707
1363
1289
2245
9196
3308
5532
4339
1313
4349
8620
3280
8491
7605
292
8924
3346
2000
6161
9743
918
7866
1184
2044
4590
9249
5290
7047
8521
4011
8685
7065
7029
3092
8310
4233
1417
4581
2616
4756
6668
2243
7704
1901
4795
9680
4445
8828
5917
6247
1302
8388
972
107
515
7266
5038
561
3962
9641
7589
7129
5607
256
2222
6049
1653
4763
3690
6822
8225
3372
4841
963
2818
26
6377
3434
240
7761
185
3140
9618
6615
9223
7270
2047
2780
2873
2888
2176
8627
6360
761
7334
4708
5332
2328
7343
5722
165
5662
8541
8604
3365
4944
7183
2698
7781
8273
6256
6843
1168
559
9849
2254
1901
2215
7469
8750
3385
8805
3893
4876
4720
6624
953
6214
9932
8961
352
1061
784
2118
8409
4818
2598
2879
4362
6723
6560
51
4914
9895
785
1802
5619
9038
6231
9951
6798
9744
202
9603
2584
9786
3953
5371
934
6158
1777
2009
6988
3461
9879
3395
3774
4492
2653
612
6845
7203
5688
54
3394
4581
8434
588
2894
6597
6796
81
6343
4078
1624
1269
518
1368
7006
6166
8818
3105
3721
8204
9262
4844
1389
8044
847
2224
7833
3314
3859
3117
8796
8279
1327
8293
6782
3731
2139
7771
9885
3882
8430
401
9650
9272
6475
9216
9327
472
1154
557
8261
7295
9400
3740
8096
8360
1432
1734
6628
1237
5551
8302
9482
595
3181
1833
2246
3113
5663
7308
8793
2135
5664
7131
7569
7418
1400
2083
1788
3870
4496
5946
8212
2720
4747
352
7195
4233
437
152
7767
1673
9060
2
8580
7210
9353
4300
8653
676
920
4777
5411
7884
1084
615
809
6778
7424
1194
4886
5033
2260
4297
3017
8746
6881
9001
4865
5283
5479
856
2263
8751
5587
3016
1305
4862
2891
5827
8121
4881
3663
7128
3389
8200
1686
5331
9286
5756
7240
7349
7403
6063
1439
472
4065
4088
538
4613
858
4717
7448
368
9631
4063
5460
3152
5592
7557
4381
2690
7392
8036
9731
3916
3817
8322
1706
9397
4582
7055
6667
6614
5690
5204
8297
6730
7391
4946
2680
527
799
1142
3203
107
940
3312
9583
7679
9929
9685
8717
381
8650
367
6273
7490
2242
9199
7597
8439
859
788
8913
4557
9646
4691
2664
3038
7935
5986
3615
4396
6131
4084
8209
3781
3306
8370
2863
7374
3648
6326
1772
7410
3876
8010
3644
65
5959
307
585
7416
2494
9464
1681
2888
4166
9941
8031
4189
5101
9724
2382
4432
2004
8613
2221
8729
9637
7825
609
3130
3577
6022
3689
2771
4906
5097
5615
3656
8205
4322
7086
3788
8047
4850
63
5028
7691
695
2026
1894
837
6424
6485
9624
5983
3630
4527
863
7121
6961
4250
9962
7147
125
8151
6906
2044
6506
6946
9673
5856
1788
1820
5321
1663
9796
3428
2277
7087
3794
2759
9481
2100
2977
4004
6236
5350
1920
3183
7216
4607
6815
5493
5565
8310
3591
9384
4916
7279
5998
4372
4212
8915
6852
7105
8885
7742
6794
5352
1881
506
2813
3154
5145
2807
7828
327
6276
3852
7984
2229
4420
2820
6004
3250
6528
9848
4027
6995
3134
146
7141
1316
4787
8054
9005
5470
4303
5453
5897
6727
6527
9517
143
9774
4153
2848
2082
6080
3822
3156
9219
975
392
4053
6893
4961
9983
337
5119
1943
7532
7263
5690
3068
2054
6184
3751
9813
7815
6033
1891
4250
1481
3250
3216
1889
6089
7066
2219
700
3701
8417
2956
2823
3438
5931
4801
3738
5662
4802
8032
624
2686
4025
6171
4065
4568
2393
3126
6410
4217
1391
6087
8946
6398
6677
9340
4440
8694
4097
8684
7333
8380
645
5396
7883
4427
1739
7625
7207
9308
8403
4303
2217
2611
2494
4374
1088
1964
3842
280
6658
4463
1424
7797
9696
4389
4832
9919
1357
4058
3037
9236
4384
9537
8684
8062
7426
7775
5226
8952
3117
8359
9613
5575
8828
8801
1225
9071
6970
7345
8006
9126
1325
9606
4585
9626
8709
2701
5657
4753
8700
5889
5059
6234
6829
806
6052
8212
8248
50
4506
1215
3602
1483
9630
8332
3341
1480
2231
82
9147
3115
3220
6638
228
8037
6382
7358
5927
9611
4516
6820
3962
5588
546
4415
996
5846
3697
530
7845
9302
491
3930
4499
7763
2125
8775
2305
3192
4852
8440
6635
3645
2679
9413
5961
754
1209
4465
7926
1566
2606
4432
5995
9255
9841
3757
1588
3883
1410
8876
8228
5020
7446
4585
7272
5344
1914
9707
2860
1957
5628
6174
2879
1997
4062
2261
8470
9972
4147
1658
4553
4494
7632
9269
3764
2232
3083
3755
4800
1672
5836
5027
7867
3605
4969
7262
4202
6038
4660
7143
5736
2734
3877
5804
5027
1837
3343
6103
9533
2954
3851
7750
2508
9516
269
8934
9069
4935
5042
7522
6860
4617
2634
1239
8676
3636
8140
5166
5531
1092
3678
8149
9157
9280
8203
3269
1881
1001
3051
816
4308
7992
6353
9883
226
7293
5372
2855
2640
665
5905
2371
831
6976
2680
3757
7552
1329
9326
3190
2297
9097
2873
8853
1602
2773
2447
2009
9956
2018
6401
619
5984
845
2401
3448
596
4887
2097
3726
7182
396
8078
7950
6629
385
9667
1545
3616
1993
6638
6442
3541
826
2660
7162
2314
620
862
9123
6826
891
5124
9850
2666
4121
9539
8709
6713
3935
817
7032
8901
6491
833
2677
1924
296
6552
8694
8420
2905
9388
6442
1073
1810
8152
159
8665
7016
3963
32
9812
2189
5918
3740
2180
5937
8316
6260
7935
5488
5186
994
5685
9004
8550
6327
3632
2039
3865
714
2279
3298
9522
8048
7043
2571
6006
7537
5470
5996
1898
6006
1284
9528
4018
9588
5835
4976
7460
9284
274
5669
5114
3318
9856
5380
6001
6412
3916
3420
3156
4382
4024
6380
589
6280
953
9297
4988
3558
809
2108
5917
6468
2427
4712
6697
9112
5532
6253
3739
1654
296
2694
2648
4817
6901
5797
5796
8851
7903
9971
5341
9602
1758
1164
9584
5793
1358
7491
711
971
6927
398
4196
8765
9802
9506
1863
5987
8581
678
3624
7081
8751
9332
3473
2961
4873
9575
503
5904
4716
2886
7577
2523
4283
5999
6413
8217
3971
1872
4640
4382
3754
280
1970
3927
269
1994
8425
145
3430
6921
5968
3036
9728
2027
982
7354
1007
8471
2608
4043
923
7364
7811
1150
8864
1807
663
2727
6561
3990
74
9551
3115
7166
4365
3501
2931
1251
5895
6844
5413
5848
3417
3079
2961
1512
2918
6414
5305
6199
6551
923
7417
7771
1982
5131
1251
5877
503
4067
6989
1871
5664
6948
5164
2788
4614
8618
475
5205
5970
8750
7235
5909
297
8720
29
6883
38
6795
7295
952
9244
5767
3081
6423
5744
7495
5089
9791
7555
4655
9143
7686
1581
6033
3399
2363
4312
5534
5480
5678
4879
1654
9931
5200
9227
7811
8918
5530
2270
845
2114
1958
2260
2535
5065
363
6146
6192
6910
4795
5799
4784
3770
2239
1244
2499
7250
5548
4282
4349
2462
4180
6473
6679
7601
7701
3975
2804
2773
8030
5337
7956
6602
7687
5933
9281
1958
1227
890
7262
9239
404
8437
2049
3932
7156
7010
5699
6149
6445
5999
9215
9375
7786
5345
9082
3697
9772
8060
2941
4228
8898
1250
8585
3183
751
3790
8361
5749
4873
2150
8528
187
7895
9291
1965
6102
5350
6893
398
489
2645
8218
611
9955
4559
6599
1847
8578
9883
2710
3680
2271
3368
914
5096
2106
6297
2471
5299
9064
2367
3143
9140
9906
8129
2784
7220
1966
9667
9971
2324
4523
5412
7055
1685
2899
7645
155
4116
3246
380
7517
6331
4876
5173
6305
63
4482
680
4530
5210
1285
8221
8251
5930
6280
6196
1602
3048
1330
9090
3474
9411
7926
4450
1156
1248
2121
1674
1039
1150
3822
4539
5125
5677
3030
7954
5496
8641
3908
6999
5012
6008
6489
6382
9308
2507
6118
8149
5429
6685
8675
4223
4939
9013
8325
2794
2106
7412
8667
6902
738
7709
8180
6250
678
2133
3840
6794
9228
2953
5582
4185
3274
8325
6303
8305
5822
6333
7305
3785
2619
3311
4950
8980
7088
842
6377
6264
6148
4569
6853
3666
8084
3598
3700
2407
6679
2487
4904
2403
2097
1203
9309
300
9905
9853
2390
79
6907
5792
6220
7322
9793
613
9901
1083
8837
2275
8910
3651
6767
1773
7309
9034
5572
8283
1632
3361
3074
998
8605
5368
2748
1881
8755
4925
4418
5070
307
9720
1724
2846
3302
3878
5725
4048
5489
1689
1768
7394
7940
9987
6125
7503
9112
6002
903
3977
7231
4467
8889
1076
7069
8479
6051
7053
8964
6146
8253
4051
2935
4550
8223
7487
7654
6746
3978
7641
1208
7656
4550
3966
7063
1826
9694
935
6783
8821
5113
1184
5349
2661
6016
3477
2699
1714
9255
3405
6891
8234
9304
2377
6090
9408
9964
141
60
2664
3177
7324
1345
2599
1825
8017
8599
3459
6735
903
1281
3638
849
5398
8253
1885
4882
2230
6681
2144
909
3446
6831
413
1305
7793
3585
903
1108
5312
5789
9448
370
6657
5323
4748
7966
5778
5837
860
9270
6603
5868
9805
5347
6901
5077
3133
4717
5733
5736
1518
9179
1266
9579
7579
6291
3664
8609
1974
3428
4350
1718
734
3007
9934
3071
740
9841
762
1619
4005
552
9211
8657
4667
4818
8476
9595
9562
6552
432
4005
7750
4920
1564
3198
4587
9469
7472
161
8509
1370
9555
3522
5658
7707
2890
1883
2489
8780
2553
2870
9451
213
5905
8333
9860
1802
2472
7089
9235
3778
674
5204
8219
667
2509
4657
7284
7286
9670
7560
564
5807
3220
9298
3988
63
3000
569
2764
1365
1969
9605
5845
5596
6408
2232
5217
4078
9258
6909
8718
1208
704
9400
4706
6489
6519
4656
1295
757
2429
5274
2536
8777
4513
9031
9331
3934
4543
8642
2136
6716
8895
5658
665
3885
9617
4153
585
865
4879
9754
957
8174
590
4684
3056
4191
8171
828
2972
9892
584
1063
8248
555
2972
3896
7331
3623
8095
2168
9616
1250
518
8464
7910
8774
2276
7563
4368
5928
2510
922
840
6812
9216
6288
1353
1113
285
9719
5810
833
2291
9736
1756
2311
5006
9335
888
9723
8943
6472
6281
77
9940
7501
4477
7365
7304
3806
5799
7508
300
6777
9751
6058
5829
7813
6211
2503
1917
1902
5118
41
137
4729
4726
533
1073
6116
2550
3716
7334
1964
3023
9001
7864
4981
2889
9392
9225
7566
5214
6904
1792
9752
4191
2507
1762
1081
7523
2214
3589
2148
3368
7234
5123
6877
8317
8048
9186
6111
3944
2626
891
8102
792
859
214
2373
3960
1080
5617
5268
2374
4614
1618
2564
9429
4570
8126
4317
5139
6803
1146
5146
901
8270
7578
6993
5952
318
4427
2210
847
7553
3496
6981
8527
5502
113
6853
9606
2649
153
3032
4872
6376
3044
1481
9956
9437
8409
7864
6415
1306
5603
2989
9933
4692
739
4539
6780
9306
3667
2099
141
8484
5097
580
5909
7301
9823
8601
913
7315
671
8937
6138
5006
1149
2954
2546
6435
1882
9900
4695
9555
3457
3080
2586
5641
1563
1237
3499
1441
8985
6915
4849
7175
7080
153
9586
5330
8792
6876
7918
9643
4515
9348
6966
5553
2855
9754
6713
9567
6572
2019
9069
6587
3493
1336
3824
907
1319
2367
6725
8229
1504
6090
6474
179
6178
1521
2770
3011
412
6901
1970
560
2068
1193
9369
1672
9499
3521
6369
4107
4933
5367
5818
2788
1307
7264
8339
2056
2134
8040
203
1130
5189
8703
8447
3253
3656
323
110
7595
115
5540
6764
7267
4173
1722
1251
5647
2269
927
7554
9509
7863
6841
2580
6306
9256
6785
7377
8839
2089
382
1895
1536
5952
385
3183
64
5868
704
1891
1925
6803
654
7525
397
7228
1362
7532
8543
6655
5247
5767
8578
9212
1085
8261
1906
2989
9085
456
6524
3158
6577
3928
753
3677
4383
7682
4687
6823
4881
9919
3398
9981
4532
7547
5181
2144
2185
7005
4070
2337
8079
4996
8950
4773
6328
8052
3915
205
2637
7785
7528
7775
8972
8617
2510
9408
4997
7062
4334
8816
3618
2252
731
5753
2515
5263
5071
4796
2649
1896
2834
1953
4833
8153
2722
7638
2358
2384
8746
6500
1186
8286
1826
4566
8547
5655
2158
7366
4983
4101
9059
2533
4804
5893
9904
3492
4770
1489
3824
1602
400
8915
4814
6550
3828
1766
7266
7716
2758
6659
195
5326
1664
9788
4869
8031
6851
7396
5846
584
462
3669
7411
638
5602
364
5990
3730
3050
3334
2431
5163
6035
34
5941
4207
9953
4118
1960
1307
9361
4603
2834
5703
6486
7691
7673
3518
4033
6000
9000
7260
5947
5653
5266
2802
4889
6742
7301
1154
3987
6927
9671
232
9652
7741
8565
2597
5353
9601
8053
2453
7120
1347
227
8116
4385
7303
4874
4756
5630
2574
6726
1489
2790
3725
6865
5284
3408
4580
5520
6036
6929
1702
8246
1153
113
723
2354
4365
8445
2072
6805
4385
4573
1186
4589
4775
1714
5017
8205
5349
2725
8713
1224
3438
8900
8293
5660
6071
2932
1368
2688
5674
6010
3932
1374
5804
3067
1234
6776
6287
2221
8572
1096
452
3171
5377
4495
3921
7143
4930
1258
2765
6921
8204
3935
3388
5748
9770
4618
6194
5128
9050
7695
3230
6567
7851
5757
6532
9780
7354
1484
3752
4669
5156
6513
9929
1910
5195
5994
6179
3552
2259
2267
37
197
7317
1314
4629
3774
8920
4693
7643
677
6514
4016
4363
2644
7591
4142
450
4028
3362
8534
1077
5101
7684
8617
8533
4390
8747
5802
1033
5188
1989
8417
6333
7974
3354
4649
8723
9833
8961
9635
4323
4951
2821
4724
6490
7023
9405
9396
2076
8923
728
4063
3688
7580
7874
8404
295
5337
1098
7997
4039
6739
3995
964
8510
6574
5119
6676
4754
7040
2213
9056
3467
9460
4478
1545
8670
9802
6905
1511
3255
169
697
3937
474
8876
7574
9913
9301
7335
4685
3275
1638
485
5645
3697
8869
3811
8972
8016
1802
289
4586
8259
3267
9820
2862
4568
2290
3070
4983
3716
774
6931
3802
3946
9628
759
1305
1804
9438
7015
9780
6866
4997
7929
267
2550
6100
4590
9785
8913
8625
3473
2554
9404
5996
9008
5040
1540
1914
3824
7433
7158
5597
6882
5588
1465
509
9641
2835
9679
3815
5847
9326
4169
480
9931
6601
6922
8221
718
3058
2086
8006
2230
6882
1761
5526
520
8798
9613
5214
2746
4314
7887
8399
8832
1262
2629
8106
1155
8300
590
5115
563
6058
9571
5710
9102
8784
9580
9822
4162
1634
4822
3334
5703
361
3425
7314
8101
1731
4115
6604
2579
3709
8074
