2649
8044
6930
1450
1635
1720
3425
4477
6170
3073
1442
235
6369
8732
2827
6181
8596
1522
5330
6513
8293
9413
3057
2742
5718
1385
47
9045
6675
8618
3475
7470
1550
8124
1682
6676
7886
9722
4144
9218
5904
1183
6597
3964
6053
4583
5599
9983
9890
911
2103
1516
886
7057
4175
6336
4912
3049
8973
4719
6208
4180
9376
7178
1320
5925
7763
2965
2970
9783
3375
7110
9446
5383
8097
5243
630
7563
548
7304
3913
580
6444
3423
2975
1610
8845
6173
206
7634
3243
9445
6843
628
3068
9082
9870
8419
9518
4070
987
900
9840
1706
456
8979
1529
3732
9014
534
1834
1025
6478
3237
630
3747
906
9905
7283
914
3614
5030
9965
885
728
6876
9094
731
2358
4743
684
6357
4082
3251
6833
1602
5335
5449
2907
8573
5572
9143
7371
3092
6741
8968
2642
1040
6049
8975
1525
8811
9488
5432
8
3148
3342
9133
6816
112
4052
6685
3056
6645
4691
2309
7394
5236
1427
3996
1090
7196
3603
1942
1269
5017
281
7431
7435
1644
3247
5748
9173
4404
9535
2261
6448
9157
2062
9854
4706
2895
5016
9014
8308
2746
5268
4406
5525
6030
8863
9540
6309
3953
7507
8386
4743
8623
3836
1594
4660
9212
8386
7136
5783
3077
6270
2958
6978
2822
9159
5788
6448
6154
1005
6142
2387
612
194
1496
7607
9858
9704
5494
2602
9918
8432
5734
6498
7106
5825
6725
144
3094
4277
5277
3892
5161
5618
9912
1663
8859
750
2247
3392
9221
9382
5090
5763
541
3421
6769
2719
7504
186
6954
9831
7560
6617
6042
6588
900
7908
3358
7358
4446
4222
7412
4465
7619
9320
6400
8611
7179
7611
4806
9017
3975
7173
4039
5365
1542
6605
989
830
9947
9758
3643
48
6744
6821
348
864
976
457
779
2874
1083
8661
5617
2410
7818
8446
8391
9348
9212
626
9445
8825
1178
3101
9662
6320
4115
3275
9130
8791
6302
8605
8472
6618
6408
5266
812
8176
8710
6879
6143
2413
4741
7651
4612
2541
4922
7140
5015
746
1060
6401
4012
1767
2620
1291
710
502
5538
369
3865
601
1642
6657
1226
9361
6111
3812
5517
5220
3006
6546
5501
5705
9693
8536
8816
5205
8726
6791
3617
7700
3792
1213
4529
9751
469
5464
3169
3762
4797
756
6159
7488
7384
8417
7767
4736
9085
297
2572
1978
4170
3505
3745
102
8701
3599
1770
8754
2604
748
2805
7484
7330
8348
3007
1668
1248
7584
8527
4902
2156
8229
4319
8317
169
2035
2448
865
2028
9990
1292
6179
9722
2855
8931
587
873
8228
2741
6663
9159
2696
4140
770
2047
4039
6792
8836
1655
7923
7147
9389
1723
8721
2765
5593
2823
5949
9916
5009
1292
5264
680
2305
772
7417
3921
2049
706
8441
9627
6902
6815
3521
9450
9594
1631
5252
7001
2775
6466
6532
6620
7561
7041
7628
2923
1387
65
5757
1512
9143
8363
8644
9074
1886
6016
4297
4942
1320
5821
475
1115
496
1679
7579
9756
7273
8341
5804
9175
8347
6397
8504
8851
5106
1511
4483
3557
7387
4061
8927
8625
7735
5327
3872
8686
1466
864
4829
9808
7132
7831
8592
4664
9643
4697
5341
7389
762
1739
3219
9187
8731
3961
4260
7915
3077
9518
3551
9756
3920
1654
8266
7917
6177
566
9406
5695
4416
9173
8502
872
3835
9282
2445
1725
2818
5257
2089
748
6401
5506
9172
1787
4679
8017
1107
1770
935
4194
48
6405
3806
8817
6832
4376
9456
8936
259
5020
8665
1719
1457
2384
2222
2535
6524
6407
2681
6724
5686
1737
1000
60
2354
7908
3333
713
9536
9985
3252
3794
8269
782
5648
7020
6574
8832
7096
4395
6274
9937
4339
9954
9016
9090
1834
2525
4911
2886
2577
1623
5201
3888
3962
5140
9060
3077
9598
7450
2623
9448
4362
9029
1761
1696
5838
1178
3651
4005
9443
8555
9746
5387
3697
112
4206
1971
5192
2330
4020
7895
413
8764
3339
3977
5661
6586
5828
2972
4492
8935
3909
71
8531
8030
6392
4226
1069
7327
3105
9136
6162
3424
2999
2222
8749
4877
9738
5916
9490
8065
8509
3570
4573
8981
2634
3208
3464
2491
3893
8428
2450
4876
738
9617
3816
424
615
7718
2159
8120
6523
8583
2930
2884
9549
7461
1506
3684
7154
8304
9074
6829
966
9247
888
903
7685
2717
2024
8163
2069
4600
5285
5029
2122
539
1947
7439
5238
501
2463
865
328
6124
3740
3867
494
1999
5108
2760
7579
7888
1562
152
461
9644
963
8449
5766
9747
2726
7065
6801
6597
2517
6281
3587
9814
1541
9030
3228
2489
4513
1736
9038
5057
1642
1160
7462
7299
850
8760
7947
9703
9118
3707
1289
1452
5540
7292
3564
7679
3456
6353
527
3016
7365
6808
2530
7644
8358
9494
2218
1231
345
7290
4249
7055
3573
4920
3237
923
6574
2233
3584
2559
5655
2249
4689
7982
4875
6412
2706
6702
5699
6740
411
6082
2277
4517
1190
7226
4472
3465
1691
7022
1230
7605
1682
5001
6408
8985
3046
6125
4396
5919
689
7103
6120
1822
8428
7117
6590
3621
9196
4972
4606
6981
5461
6412
410
6974
6335
3583
7143
6429
7638
6245
9474
4035
4936
4935
8366
8697
9194
9051
8868
135
6927
2036
8833
4025
6062
6556
7900
2516
1752
3124
748
3769
959
7377
1509
8490
8999
8880
6979
3480
4848
1440
3127
2341
6264
1482
2331
1800
3347
9981
1494
5103
8838
563
345
9220
649
5934
581
1461
8762
5659
9160
789
2624
8079
1727
6730
5213
2048
456
8378
1752
5317
2222
2672
7459
4795
6808
6688
6971
4582
8600
5087
9073
8631
1051
943
2380
7216
2976
2245
462
8567
6159
3789
236
9157
5312
7623
8388
5328
1288
3830
8873
2270
1466
6178
4359
3642
1137
1825
972
6774
8549
1180
8290
3723
6104
7277
2531
9965
6557
2657
8118
6614
5107
2855
5511
2382
1062
2111
8346
1971
383
1588
3555
3349
6012
3202
2854
591
2334
20
6300
9637
1102
7424
4775
8475
2873
4402
4238
5013
5995
8830
3196
3168
9135
5477
3194
5190
1798
1137
9270
1451
22
2306
3972
8352
2142
5627
6102
6816
8594
9289
9625
4682
2297
6757
3238
535
7583
3297
3469
9472
9759
282
2054
6318
5731
8660
9165
5344
7880
2639
3153
8006
5932
1004
7632
468
9153
9743
2300
9572
1030
7045
4272
6033
4558
6849
6501
2491
1624
4790
3232
8945
7267
6139
3297
1029
8334
4515
9828
4343
7417
8658
3738
3515
1802
9611
5899
9609
9684
8309
4581
5109
9148
2711
6413
2634
4321
8425
4303
3088
9092
4805
9793
9804
2428
5453
1080
779
4707
3600
9544
5259
7715
9736
1581
3954
9409
2077
4977
5820
4989
2291
954
7111
5861
7851
2020
1435
6294
7501
3378
2606
6711
6765
2479
2142
1433
3977
4014
7214
7475
716
6427
920
3137
9097
348
1273
2329
4569
34
1083
9244
795
2696
4463
1573
5752
4859
1545
6897
1740
2319
1167
2989
6197
1151
4645
6070
1830
4826
7714
730
3222
1547
3752
6592
7125
2719
3351
5431
2978
8929
8018
3250
1243
6448
1032
9900
412
4813
5385
1879
7984
4893
6627
3022
8196
6492
8191
5504
4227
5388
2486
2702
3920
7092
4819
5000
6065
6961
4431
8637
4300
2643
1140
3851
1943
4682
595
5235
4946
9244
7109
700
6005
6194
3433
2098
8338
5998
1622
4412
4095
7022
3016
9325
4808
9661
8922
822
5676
3533
1723
3814
2373
2022
5829
8562
5583
9621
1765
7339
6846
3823
3468
6720
44
7216
9347
5840
8020
3158
9151
7731
10
7541
663
367
3154
7495
2446
7005
518
3530
6313
6777
65
4798
7019
95
6654
8546
3830
9795
7156
2953
3814
8165
702
3326
7019
5210
4208
4651
102
8402
5026
6852
4191
460
9158
6688
1503
1460
2223
7974
6350
9492
3805
4935
4527
9874
9091
1393
5112
1414
8886
6652
5957
7602
4452
1497
3554
1822
9646
2784
3466
2386
1345
2694
2760
3579
8567
4320
853
8208
330
4228
1692
9403
6935
471
5499
1097
4004
2803
3271
5518
2133
2308
2894
9009
5963
7836
5010
7282
1474
2030
9461
8334
1219
2011
1881
4359
5341
4699
8024
7942
8986
8099
253
758
2878
9074
1881
7408
7405
2915
4433
449
2579
2955
7440
4181
1115
7094
9078
2919
311
2385
7569
3245
196
2829
5558
5062
1564
4356
9403
3281
2402
6707
7340
3974
1644
5662
4487
6382
9670
8435
4065
8513
7646
5800
8407
6885
3402
6118
6387
3143
3335
6494
3979
908
7368
234
823
3157
7808
5219
6535
3957
4605
2905
6751
7210
7666
3502
1922
3581
4429
7246
1759
4394
139
8815
1026
5774
446
534
7996
5084
165
9786
1086
8498
2538
1561
5120
2019
2094
4089
220
201
138
1144
4611
3231
1602
2312
7264
1655
6854
1468
4443
3389
6694
2954
1367
8873
4036
11
1795
111
6557
3423
7653
6298
5136
8925
8999
9933
7448
1759
3717
3034
9573
8655
5652
4267
1584
6616
1323
2828
480
9172
3946
8918
6578
3504
6782
9484
2361
5327
8186
3724
6248
332
1460
2563
7480
9591
6005
4021
8056
2431
1133
4515
3664
2132
7274
2861
8978
1992
6278
4850
5422
8818
623
8781
548
6127
3436
574
179
4751
851
1219
4841
8206
6889
2206
1988
4578
6034
634
3099
1979
7488
5751
2420
9427
372
4746
7446
7748
1958
6021
6110
3328
5359
4481
7332
5811
1373
8296
8009
4091
2790
739
1072
78
2534
6660
7925
2089
1258
2293
5018
8964
2268
1929
2283
809
2402
1840
9857
8055
7875
2313
6420
7259
7913
659
3559
3239
975
519
3605
1669
4753
1215
1001
6738
9896
9700
933
6719
2181
8428
7207
5380
8820
4603
4426
5321
1954
5032
5781
4642
9319
5181
6714
9270
7235
5042
2501
3688
1122
3123
2008
5745
2902
6144
6286
7499
4394
6681
953
1801
121
5424
5706
9526
3218
2444
6312
4951
8201
3761
7264
361
9255
482
1687
7726
9416
5322
9461
86
1514
6733
531
8092
790
4246
7202
9883
8239
1459
4784
6050
6498
1512
2738
7024
8520
1007
6856
3255
7640
9298
6072
102
6357
8747
8916
1143
7159
3490
7755
8560
1811
2555
5131
4135
1046
3469
8918
5693
9085
3104
8273
9127
6392
6504
8767
4390
946
6956
9644
6694
2586
9139
6972
1379
6635
1667
6029
60
1512
914
3585
6085
8229
1067
7541
9060
682
268
6781
3657
8653
4539
7659
5479
9260
4439
7874
7966
9934
426
5071
2431
8346
8550
4482
9211
7805
9879
3531
4460
5512
1779
4166
4914
6140
1315
8560
9850
2280
7794
6916
7167
2305
6870
2300
4273
4081
5069
9674
182
2523
3385
6359
8943
8363
2805
6510
3516
1784
3841
9000
4835
2099
5929
8638
2762
1247
2832
2836
9502
4018
2492
6601
164
3728
4529
9577
4617
8321
5303
2539
8702
2593
9357
1743
8913
4897
4435
2942
5330
9575
7220
5498
6137
8005
9675
1771
4747
3780
2647
1585
3794
2745
5428
4266
7241
2565
743
3152
1877
9613
1968
986
7296
840
364
1336
719
9035
3686
7344
8309
8493
3835
1900
6541
4381
897
1238
5229
6146
7086
5457
530
2921
1304
2763
1379
7240
1500
6486
8627
2730
9385
7076
3851
2552
6432
2023
8136
564
2737
7649
7189
3608
2536
9279
814
9329
4024
9947
7885
4031
1890
4802
752
1504
2606
4499
5762
6033
7713
8258
1881
1994
4012
8507
7533
3192
1513
1264
219
709
8909
9259
778
6781
1033
1730
8217
8296
7154
684
895
9786
7550
161
7148
3183
2528
9150
5744
1566
9444
465
6699
9749
7517
1672
1011
5250
477
4121
5962
8639
4103
379
9017
7645
8507
2323
3396
7320
8624
6380
1769
5996
6561
8208
4622
9497
511
8910
3122
7597
1710
3145
3241
8379
8320
9321
8262
3339
2668
2299
7485
2641
4144
9148
7403
9490
8248
99
1527
6920
2719
641
9255
4621
9083
1576
1366
61
8116
4430
8654
4591
380
6454
4853
2560
6887
1310
616
1705
4536
4516
8490
8339
6135
8849
2505
6872
4832
6924
435
3392
2337
8986
3542
1093
2730
1856
7092
7808
7349
6488
2970
4071
5083
5297
1012
8765
3783
8072
8438
6095
2529
8026
1025
1310
5505
4486
2743
5488
5031
4705
8423
5081
7682
6151
4220
4791
3396
7063
4415
9051
6115
7164
1352
4616
6940
9396
5095
4467
9719
1257
7444
6985
9077
5430
9454
7720
1492
5797
8730
4979
2761
6057
5626
1419
722
2247
5517
3597
6722
7940
6117
8086
8840
3294
78
1078
38
6898
2841
9172
269
9659
6498
3711
1150
1759
6803
7747
1065
9187
5387
6859
309
2673
2026
718
7364
827
6502
555
3634
9927
3650
6781
3130
4023
9137
5269
2209
6122
4003
2091
9983
5413
6755
8659
9618
3251
8056
120
529
2874
1019
4404
7478
2650
6753
3197
5661
5123
2346
4981
8269
1301
8057
5341
6822
7255
728
6062
7139
5634
400
6030
4106
3791
3238
7863
8726
6933
5352
9251
5320
2783
2535
5653
6310
649
7769
5456
3505
442
2504
6856
7057
2755
2010
5756
6292
6082
302
7794
6693
9362
9467
6770
1937
5238
878
5464
3996
7446
5692
5281
4074
9694
8519
4918
1040
3792
324
2790
441
116
2047
7492
3294
3255
2723
3218
6246
709
532
7071
1340
9190
6902
4493
23
1808
346
2437
4085
2999
2171
2110
1854
1959
3595
1283
8455
4267
4954
2512
2215
9856
3233
1850
2315
2337
8471
7692
8968
7539
7887
101
7449
8097
5634
2345
6490
4363
591
5515
4578
3425
8150
386
7805
2403
1041
4007
9802
4780
5630
7819
1712
9858
4276
821
3618
8306
9446
9230
9208
6641
45
3578
2797
3133
6577
9128
3479
422
321
8187
8090
3749
7982
7777
5063
5641
380
8297
2202
674
78
8964
2655
9773
6461
3933
9963
5160
8148
1029
9120
3521
7752
3543
1795
529
9308
1923
9737
8430
7848
9815
2635
8788
2347
1735
1563
2874
8748
2247
8087
2125
3685
1292
6332
3872
679
8537
819
7466
8454
373
3631
9976
5374
1129
9749
3291
8562
5195
864
8069
9540
1001
4093
4149
6448
1816
9723
9998
1316
197
5664
3063
3940
2394
1301
7984
3531
3392
5011
2611
6223
7360
8076
1094
4587
5745
8551
3218
5317
1297
213
5476
2949
4404
5420
6585
3068
886
636
270
301
4268
6158
5475
8412
3538
7242
6286
8404
1154
2357
7229
5195
2523
4633
6234
3242
4405
8073
8951
6245
8483
3188
9978
7291
7555
9737
55
8366
6594
5045
6948
6852
3990
1947
9593
4901
339
7013
9659
5871
5542
5660
6698
4099
3719
8312
7416
5549
503
3791
1455
5943
4035
7290
8823
4771
3334
9607
6078
3711
7560
1645
1935
259
9711
4616
1585
2501
3253
3481
6165
3591
3043
4431
858
1713
6728
2890
3475
7178
4219
6738
8296
6817
6467
1017
8493
5586
608
18
8226
5414
669
5065
446
6955
8709
2397
8374
3064
7731
1994
9545
6437
564
4087
396
5433
889
3353
1580
8942
5850
8475
3888
9561
2364
8649
2434
5826
976
7551
1394
9049
5045
2954
4538
555
2571
2606
2075
8098
4770
3922
2060
9495
515
5975
9358
5849
6058
6819
6684
3718
1549
5789
1456
9925
3799
3554
5069
228
1141
7096
7707
407
8095
3062
643
3812
7196
6104
1311
4942
616
7480
1450
1925
1691
5571
8103
5404
2135
9364
5931
9202
6320
5058
4015
1951
8128
7988
4967
3094
4754
4201
8685
3397
1546
7622
2802
2548
2930
4755
4046
4416
7210
2368
9299
9403
1679
3860
596
8494
8051
2255
5321
7125
7535
9894
9330
2983
7299
9159
7882
8666
1996
3765
6184
3887
6238
3558
3969
3076
3216
2523
7144
8273
4226
6016
8690
9472
902
8277
696
4589
1659
5410
3090
2623
2848
7214
9732
8706
5096
9157
5133
2146
4109
612
1215
8881
7237
9584
7024
6216
8131
2108
3964
7405
3995
6866
3681
714
3988
6364
4922
4231
4704
4546
7239
3093
1004
1889
9040
8499
3024
4456
1046
9797
3526
3581
2788
8770
9093
3707
7065
9440
3380
2334
3310
2457
2047
5566
880
1419
6081
7699
1739
5637
4121
1484
7492
7745
973
2281
9934
7920
3826
301
3050
6299
9269
2512
4424
705
2913
4227
7959
4168
1344
449
3475
294
5859
3542
8402
994
4780
1381
2404
5424
6941
5903
8551
1552
4151
8923
9233
3381
7454
5944
6145
8247
9365
8650
9390
6429
4609
6389
804
9913
655
3714
7877
4490
3644
3867
1442
6494
9132
7733
3038
8383
7334
7609
7232
3261
8225
4651
2764
6284
3468
6814
7730
8154
1321
7875
6777
340
8714
5039
8923
3745
8354
8249
5773
3914
5468
3627
5422
4053
2613
9624
2482
3141
4227
2360
8357
607
5412
2354
4590
6802
3945
8464
3722
9621
6362
8163
5076
789
7804
5362
3758
238
2726
9904
8528
8577
6482
2340
9860
1160
6700
9873
3392
9250
9652
5213
7372
1822
900
9728
6485
7799
9590
4264
9060
3256
7331
3298
8486
774
9799
152
3674
546
8221
1694
4273
1890
7348
3539
4112
2146
9347
9269
216
837
38
915
2815
9235
3357
1954
7035
5926
4500
9519
1648
3859
1298
2503
8800
2162
43
1052
4359
7172
5276
6529
1706
4585
304
979
6687
9718
5523
4309
9710
2471
8833
9774
8199
6875
3634
9217
9990
4632
2547
9678
7440
248
8265
4482
1671
6359
1361
9512
3084
8734
3695
1741
8182
772
6950
4356
4856
8554
1753
710
4737
7702
1717
9162
9161
8009
6911
2058
6663
88
1310
2523
4829
1347
4143
1595
7416
6015
8119
8421
7902
8904
3581
7876
7204
5450
7098
7713
3344
9892
5666
5604
1344
1118
2925
9190
4444
9036
6121
1228
3602
2375
9846
6489
9647
504
4382
546
9436
4490
663
8853
6656
4702
7721
2828
5691
7692
2524
6990
925
5081
6888
3327
458
4282
5754
9270
5676
5946
1639
4794
3201
3593
5180
8089
5649
8978
4608
5571
3073
7163
889
7677
8496
8256
1294
7420
3142
4311
5253
2052
6300
5722
3786
4204
3614
3269
7514
1890
7770
6791
7556
332
6783
1938
2755
6786
9607
1498
4016
9427
155
2145
3999
9360
6566
3026
2537
2977
9496
860
4616
5225
7299
3619
6873
4926
4765
8802
881
1224
7320
8662
5954
4679
666
8491
9318
3919
2456
8396
5156
7600
7214
1283
4956
6232
8846
3908
4580
1850
2187
9078
1503
5567
3205
1461
6431
2635
514
7222
5167
2989
403
7960
6248
5665
2973
2448
3704
8816
720
1161
1838
8230
5222
1567
4327
7026
7401
7769
9431
1431
8135
2133
1202
4596
1339
5325
8836
8504
3968
7097
2914
3777
8768
4841
6019
4231
8369
4697
818
8620
2119
2498
3459
4648
9717
7812
107
2683
6154
2
5400
9452
685
5242
3738
7109
907
8129
5792
3961
914
8506
6016
6186
5365
9159
9651
2793
895
7029
7891
2240
2881
3970
1649
4317
9101
9924
9918
7630
9000
7449
1013
8086
1897
5882
8828
3060
664
7092
2579
9426
4397
675
160
6398
4168
5328
9406
5639
6995
6952
7607
4204
3461
272
1541
6989
2330
8169
2568
7757
6489
7574
8137
6751
8701
1432
4115
940
8941
5628
7898
8407
4938
1721
495
3210
2838
2276
2119
7864
4878
9616
9644
655
6784
6941
1163
3529
7671
8605
7543
9722
5056
5885
9446
948
5498
5215
1235
5832
986
8777
9431
6300
7693
178
5038
5058
5810
2639
6846
4432
3491
8578
2156
544
917
1148
4446
365
614
3318
7779
5232
1016
4183
6020
1482
7411
7407
7360
5535
4730
9829
9618
3862
3301
568
2148
8253
7863
9045
7236
3814
6665
7881
3385
9006
9484
2931
7460
4442
8483
2426
4392
7309
3507
435
201
5944
480
2039
206
4366
5242
8808
7919
6834
567
7615
451
3579
1551
1807
3135
4080
9055
860
215
1461
3968
9760
537
5978
5633
6490
1308
3541
1565
7411
9173
4883
1698
5009
3142
1466
3596
2370
2184
4310
6027
329
2023
5272
9000
5013
6318
136
8379
7151
4778
4948
2810
9776
3148
5209
6475
899
2216
3346
6820
6344
4925
8114
6632
5561
9496
6828
28
3369
3080
2135
2950
6513
920
9087
9573
5362
1167
7693
5766
7049
1635
5528
3976
6771
1057
4978
6092
6620
543
1675
3927
1553
2952
5347
7613
8976
8114
6722
5141
9411
652
6945
1936
8057
7574
39
8419
1476
1035
9886
1806
4400
2779
1101
5986
3008
5951
3579
1692
2229
6506
3058
5080
774
2455
4877
433
7027
7698
6432
2108
8458
1224
8097
8508
9534
9468
4036
5698
2001
5023
3561
209
1489
9138
1317
6428
2076
458
6860
5184
4397
9565
560
174
4851
8773
1551
9098
3117
1962
7302
7837
258
997
3082
7449
3712
7331
6974
3803
5089
1956
2743
8163
3117
6450
162
795
915
8277
1449
9308
2414
9150
5790
1762
8513
5703
1309
9800
5633
1756
9771
6712
6236
8020
4860
730
7252
7590
6730
4643
8253
7477
7958
4072
8100
872
7501
1592
4404
9285
3822
6763
269
7620
4691
1773
8492
149
8773
623
9700
3691
6635
5494
1679
3767
539
8806
9374
4895
348
8376
4442
5617
9772
7072
2551
4688
8071
6582
7211
2910
5189
6002
246
4056
7847
5172
9994
9359
1614
6309
3024
8971
5413
98
6603
244
620
9032
7972
2842
3029
5567
2741
7655
8707
3261
710
3773
1930
4107
5516
9280
9970
9135
8859
2682
75
1469
5971
6233
1467
8022
2019
365
6104
9284
2491
6617
6786
1322
7644
2479
7774
451
8628
1619
14
5745
4153
5442
4924
7600
363
2152
716
8356
5603
8046
9899
5698
2538
2237
4320
1171
6471
5183
8360
4002
2638
7509
2087
2953
1181
2096
3630
4194
9383
9259
5479
2759
6353
9615
5301
2507
1884
5953
3067
6185
1937
621
8376
1444
8552
4636
2773
1230
9334
7207
3096
1840
709
6587
1464
877
4297
9359
6122
6572
8326
763
1830
332
8347
241
9972
1647
8948
4871
7230
5168
1447
4214
7131
6039
3165
2727
6631
3139
340
2925
4589
7050
8638
8116
317
2144
8090
2548
758
2425
4441
1754
2307
6336
224
8122
5142
3613
290
9235
9435
7977
6605
562
3733
8242
4333
5598
3903
2823
701
5513
9062
7487
646
5667
7084
3906
625
8032
2854
3894
7071
3542
3433
496
979
4338
5473
8422
3432
3456
5224
5879
1501
952
1257
6817
2389
4853
637
2644
2605
9876
9905
3269
4121
361
7049
5619
834
8155
6401
1132
659
9733
4797
391
5321
3578
4208
8056
1365
4922
7137
7
6777
9434
3900
7355
1541
9575
9705
8390
8995
6348
4752
4681
8527
2478
4183
104
1019
9305
978
6320
3168
6977
9530
6932
1524
1248
771
6731
422
7823
8236
1911
6840
3550
2218
2704
5380
2215
5734
9333
8065
8220
4371
292
7258
2303
8304
7778
8074
7033
3416
3330
3500
2210
8262
4190
9439
6776
6833
3758
9225
118
4726
1275
3731
3328
6824
5728
4830
4240
3547
2614
6887
4441
7007
1040
6753
6341
6720
703
7150
6170
6737
9613
5032
8109
8727
6615
5924
8531
9588
9296
1999
5926
20
4130
5598
5218
2704
7612
3895
3673
7197
7725
7853
1818
2603
1603
586
9308
7682
6490
5840
3809
5351
9467
170
8949
2897
6571
8205
1630
9897
9327
9213
9278
4616
5452
873
1814
7256
4114
1299
3310
2207
7280
357
6536
6426
7638
4560
2515
2517
6516
7975
2666
1475
1346
912
8219
1015
9232
4522
4362
1126
5017
3907
6883
9375
1826
5751
7138
898
2864
9309
4417
6325
7751
1507
8438
4844
8556
3952
1050
2387
4723
393
197
3160
8264
7324
1064
8355
7243
3071
2833
7925
9817
3522
5088
867
8756
4646
8688
6298
2853
3443
9290
6339
3755
7614
5943
1312
397
546
4772
8702
3586
7898
3173
6944
7675
6738
1453
6323
5996
6034
9295
2538
1464
1380
5760
4839
9097
7862
9204
2675
3702
9448
8350
6003
4779
5081
9638
6249
6683
3798
3339
4854
9317
9429
4949
8090
16
8032
9039
8095
429
6664
2166
9082
5641
7947
9227
9103
1139
1526
6510
1735
3468
9697
9998
4683
2480
5467
1077
7028
8191
3993
6533
5989
9027
4583
6492
7319
326
8297
9618
6617
8270
6341
769
6650
1297
9176
6342
7893
850
6838
2816
8860
3910
5992
8634
136
3568
8504
6597
9407
2753
1801
2016
2873
2809
9075
1012
8444
7785
4706
4058
9717
8882
1920
1810
7003
844
3072
5076
7438
1089
6298
5745
3148
1148
9258
501
1351
2600
8426
6663
334
9006
2465
4467
1749
8096
6712
2359
6263
4594
2876
5493
5416
2352
4397
7486
2323
3538
9140
310
6529
538
5339
3336
4568
2382
379
1895
9720
9102
7407
8514
9580
7842
2584
6827
7658
724
454
7299
9052
8989
5409
556
8568
2958
1219
8201
5760
2803
6277
2594
5282
3728
6793
3925
2526
6865
4961
7064
3
9248
6572
1931
339
9414
5632
839
4118
6355
2055
6393
5337
6338
91
6730
1937
6309
7818
6550
4605
4044
8359
678
167
1618
7459
1914
5031
7725
1301
8517
5042
8250
8666
5595
988
7638
4275
9739
9767
2928
8969
9897
6901
2408
4678
2727
1511
8839
1479
4671
409
8950
2354
5595
1234
8696
7914
5521
598
5942
3221
2551
848
5010
6864
6043
4369
7326
8059
497
3812
5787
5017
3989
4259
6600
9818
1538
6341
8356
4859
2062
7171
6827
473
1918
3331
2307
3264
9469
7011
9724
4449
1525
952
1962
8715
6110
8059
9733
7270
8173
4254
8663
3594
5964
3073
8424
5930
2996
8406
7380
6566
2617
3572
4313
5422
9969
3448
1129
6499
5460
3896
8460
6380
787
574
5828
3834
6291
7100
2910
7464
7830
8861
1800
3927
8070
8099
2985
4463
2080
2173
9204
9568
1296
8367
6862
1973
9237
321
2640
768
8781
1189
7582
919
2686
9114
8543
5965
6731
5325
6445
4143
5743
5775
5510
1620
3301
6723
4462
6083
7278
3130
8809
1003
2292
6262
3840
2263
6001
6587
204
4980
7137
2257
642
7447
6191
341
1575
1147
9110
429
160
7471
5552
322
8022
6573
2417
1105
7294
5876
8737
3473
6392
6601
5173
1871
8592
5079
3100
5989
2070
8569
2569
2274
7359
8060
8337
935
7807
7368
2047
417
4078
5630
5866
3100
7543
7240
6923
8511
5279
8610
4640
259
9809
6718
4997
8241
8726
3258
5490
7335
9189
2977
8177
3323
3891
9094
6869
1279
6550
760
8183
6768
6723
1334
7588
2512
3663
4046
8477
3504
7808
5501
7782
3042
8611
7848
4293
5902
1439
1151
8334
4597
8066
4910
9461
470
5739
8368
6209
8178
5253
9869
9226
4388
9149
8135
7306
3955
2256
2586
3259
6052
9735
4301
6173
3888
3519
1339
6825
8132
8377
9875
3636
3841
7309
2652
2601
1390
2621
8318
2442
5676
8699
8443
441
4230
4554
9343
2715
9651
9328
4398
8446
5586
619
232
4975
9930
2520
8468
4863
6101
1107
3383
7546
255
4709
1779
5337
3830
5458
1929
5665
6254
2908
143
6527
4577
9005
3241
3824
6565
3059
4932
3462
5528
2885
791
8760
3687
8132
8657
3682
3585
8676
8280
2147
8275
5262
8593
9923
6411
631
6243
5230
7190
1287
1398
8703
3455
3512
7237
915
3712
8005
9159
8300
5032
9664
4826
9581
1337
6786
4385
8665
7754
4493
27
1719
2098
3845
9225
4464
5561
8708
4548
1155
7451
5550
9338
6822
3486
2532
5856
6955
7392
3079
204
4041
9436
8761
7854
1663
9947
5581
1293
7900
86
2477
5530
1946
4472
2115
3761
8835
1989
6700
1447
6073
9502
7062
9210
9868
8728
3024
8422
2524
3289
3140
478
9046
7372
4376
4920
8893
3396
863
9332
5734
2103
499
8307
1455
7453
5410
6865
8904
7703
3964
6518
6367
6751
3018
7081
9824
1498
4546
1085
569
5716
5331
6192
3776
7478
8824
8558
2725
8711
8512
6253
4477
9369
6843
6830
2595
8270
632
4758
9827
3845
1799
3122
6981
7440
7596
9477
3754
65
9244
4804
8078
9834
5512
6533
6003
6822
8261
3323
9424
1464
1383
3913
4493
5772
665
4545
6970
7919
1353
6030
3483
4207
8548
9848
9630
9841
5168
4447
1432
6987
3620
1082
1201
7708
3265
6837
759
6794
6276
3121
9438
1300
6829
7720
9517
2948
1980
9959
9248
7207
3627
7936
7456
1791
8504
1168
5888
5044
2528
8784
3553
9617
2585
7431
8970
9682
3698
373
7685
2097
4989
2967
6777
9056
8858
400
1378
3123
5809
1826
2200
6177
5837
4662
419
2284
7254
5336
317
6583
3003
9529
8153
2847
5304
318
3726
36
7942
1703
4014
4275
8696
8254
1939
4355
9395
6973
8552
4249
5658
7459
8895
2770
5237
8139
2581
4320
4476
677
8703
5995
1017
8840
8022
2064
6335
3279
1966
9508
4558
8219
8481
8507
7040
3716
6430
9874
2238
5639
9598
4172
1033
5605
102
2043
2835
1751
273
3743
7706
9872
4595
2868
2483
2979
3995
6885
4897
4955
9632
36
4021
1101
3728
6770
7361
5899
1199
2832
7897
9019
5287
5750
5766
4183
6809
5259
5818
7133
5756
6452
7594
7380
4631
7562
2629
8063
2901
9739
6083
104
9703
6737
4662
9230
4120
5341
7095
2378
713
5000
6459
9442
8942
9878
1130
8913
1120
1347
4257
2484
7111
838
5996
3178
2963
1658
3893
1746
9264
1475
5941
6548
1554
1983
2994
6389
9261
8055
1131
6297
1178
4261
9512
4472
145
3499
3805
6276
1153
3567
8426
3391
9319
1163
1978
6316
9537
372
5722
5974
5792
7317
239
1051
1831
4462
2775
8613
3023
211
3024
2841
8814
2859
808
1711
9663
9790
1826
2314
1368
4337
9219
1028
958
7754
6589
701
7333
692
8252
8687
7048
5313
5437
2044
6494
292
1363
169
7569
2314
8323
1643
7436
6008
6139
4216
3580
3556
1383
2966
2239
838
5831
317
518
6796
8968
8672
6353
948
2880
5379
5831
5732
3428
503
7811
6061
1829
218
8380
6753
6509
8152
5431
8016
3201
3852
1751
8432
6372
4999
8000
6147
4706
5960
3287
991
816
8031
1773
3274
7925
2952
3795
7813
8733
1600
476
9567
2189
5787
679
3144
7624
8901
4059
6898
3882
7644
5397
4349
1508
7267
6767
7779
6075
3442
7157
4263
2241
1314
8710
9411
6545
1256
9727
5809
9574
6787
2848
5718
2040
3459
2262
492
2721
2758
7208
9838
3310
9297
5600
9332
5682
926
449
5462
702
9268
7930
7321
8139
182
1512
1379
6658
3484
2381
9127
3341
5265
2976
2575
7219
3822
5760
4992
4461
7877
2042
1184
2358
8217
906
1730
3412
5191
3739
60
576
195
7273
9085
4923
911
2941
8140
3648
2606
2687
6724
8990
1171
1985
6709
1675
5306
7852
3855
3738
7214
1913
7188
1523
1560
5181
8872
2924
1554
2951
2528
5842
5208
6918
3689
133
2517
7309
6368
6455
8665
9504
5608
943
3979
8784
8636
3009
7217
9885
268
7465
8143
6717
7701
2289
5972
1237
1228
8217
1328
4721
7516
7301
3227
3695
6868
3549
4440
2013
1666
1087
2976
5686
3249
7289
3330
531
4698
3177
7422
1159
8766
9815
8159
1210
601
9729
1302
5742
4360
8209
75
789
1676
1378
4348
853
1217
2012
9044
2079
591
1696
6017
5675
4310
714
1273
7526
1998
3574
7302
2242
966
3845
8272
3591
2485
2949
1467
8046
6017
8508
2936
7895
3191
1325
5879
2914
8226
5644
8727
7566
110
74
6125
315
170
5533
6027
3258
5331
7695
415
2311
989
444
980
1524
6449
754
9243
8973
7669
95
4000
1981
2499
237
1171
1181
1451
8713
5880
963
1968
5699
7888
2430
5861
8253
1509
4790
2452
8972
8773
2851
2474
3594
6288
7522
7407
8340
3264
9653
619
283
3785
3652
4400
9669
3883
2537
7341
4585
6608
7640
5647
8509
4547
3621
7024
7663
1522
2489
7447
7718
660
379
9700
7880
2290
7573
9872
9649
6608
9020
5979
3912
1366
2089
5916
9321
5444
5946
9471
3243
6607
5037
1463
4587
5874
2782
5130
1916
6876
3721
1281
1890
6858
1837
9288
6274
553
8098
567
4833
7413
8303
7255
2904
8501
2489
1777
4400
7093
9929
8916
4281
7468
7004
3244
9357
2163
6331
853
3838
8879
5863
5991
384
2857
8147
6623
3800
6948
7334
2380
8687
6824
1044
507
2822
5554
1050
9021
1770
4871
3180
1954
1877
4785
8948
3712
113
7299
2675
1260
5535
5424
4678
9564
6909
4779
9268
2029
3547
4575
8273
5732
7336
305
8219
2638
6450
845
584
247
4855
16
7860
5231
6744
7965
5632
1371
2757
3397
511
4005
7969
6100
5629
2197
55
9413
9006
5574
3349
4129
690
3772
8122
9500
8160
5403
2003
2124
1573
9899
9002
502
4221
6777
202
2445
1033
7295
6395
1290
3691
6027
2153
4098
2850
7274
1399
6789
8228
9597
5311
9205
7358
6857
7973
5290
3851
4061
8005
6068
6939
737
4135
6007
7371
3012
6186
1130
4175
9055
8131
7810
8231
4089
3965
699
3123
280
9557
8545
9107
4990
6727
1676
9666
7129
7456
4586
2846
1363
3098
1683
8425
4117
7017
8705
8550
8020
6094
3884
9191
8348
187
3291
1103
3033
3988
8680
7394
4519
7592
3838
3894
8191
1036
4125
7343
5997
936
1175
6816
8308
7735
7137
5287
8704
6917
6769
878
6544
5543
1854
9544
224
514
111
4247
1030
3615
2375
1979
8737
8954
9304
8919
618
4049
9182
9703
9243
5628
4440
7914
4233
5229
7729
5716
260
7800
9003
1113
8515
1374
3650
3453
614
5232
5103
6996
4067
7146
9035
8431
7571
4682
9998
2191
8223
1153
9616
5520
6838
5002
478
5716
8883
3040
4226
5208
1050
5147
6861
3150
8689
9709
9258
1497
109
386
2632
2543
6479
1784
7243
6424
1446
4920
6588
6330
76
8239
8966
6300
8946
928
8066
9759
65
2338
6443
3955
2987
1354
4267
9529
6034
5787
7199
5632
8732
5812
802
4654
5415
9280
6018
5387
8429
9003
9432
7218
5370
3818
2794
8238
6716
1154
2136
7503
2543
2161
476
6093
8305
4869
1956
2609
3719
1804
602
4313
5278
1341
1655
8958
7954
2382
7770
693
3017
9762
5286
5899
5043
987
8592
3404
1307
7631
3528
464
5175
5087
5171
300
4696
2104
1819
7636
5702
7140
2318
9978
1568
8034
1287
7742
668
6733
5053
9294
6033
3998
293
4160
3240
2248
2681
4069
9412
4168
7553
4109
8514
2766
6732
73
8203
2339
6229
6627
8331
6368
2343
6783
9441
6361
9077
7739
6856
2913
2576
9854
1321
5678
38
2238
5527
51
2047
1894
3935
9877
377
8307
1927
3089
2589
1861
9797
230
7878
2571
8957
8521
4922
6869
7547
1698
869
862
1041
1895
617
9935
8656
2429
8235
8782
6858
5798
8866
6222
2074
1161
206
3053
7870
666
142
1228
6665
3584
4527
3353
3191
9527
4150
8617
9402
9792
7832
1564
2720
3568
6505
4712
4899
2689
4706
8142
6566
1715
1079
3737
7179
5528
1387
4682
6513
8751
6902
1602
2694
521
7213
8388
6482
189
9279
9382
3536
4428
8862
2740
2660
9076
4694
588
8330
6499
4421
2068
9044
5274
9507
4801
5447
3435
3998
5293
2706
4822
757
9936
739
2109
4618
4897
4826
520
3517
7260
7613
6019
3243
1118
2104
7136
6216
2471
4584
7802
4117
3698
3783
8208
5013
8739
5727
6487
196
5136
854
862
2325
9764
6980
9588
768
9335
7255
973
3211
1629
7748
8363
5974
3403
3360
8213
5738
9103
7767
8910
3234
4394
7152
3268
9353
1764
5275
3030
3793
4923
7667
1823
961
3962
3354
1048
6463
3947
9387
8771
5072
7776
2878
2914
3564
29
3238
5478
3515
5643
975
1365
3815
5809
7977
3309
6790
6423
1162
2106
6088
4381
5814
5527
4753
6149
3281
7901
7095
732
6933
9267
1748
5690
505
6551
2692
899
8428
4440
2341
5296
3485
2826
2374
1802
7254
2047
9862
1547
4838
1378
629
3298
4715
9402
3141
7628
3761
960
5133
1013
374
3144
7053
5857
2874
2482
5259
2376
1183
69
2357
1494
8742
9417
746
6214
3804
5902
5402
9960
3296
5311
1305
8069
2294
3452
7325
2991
6738
2649
331
9688
6647
2794
7482
3479
2281
1359
9241
7265
7089
5639
6992
9516
2628
1504
2238
3180
2194
6805
8237
2050
4440
5743
93
1900
169
8943
5877
9454
6153
2895
193
722
4308
5142
157
9248
8484
8716
5426
591
6665
1953
551
2014
2859
7741
2226
8004
8401
1320
1143
5909
9094
7200
3556
3448
6838
9922
564
7826
979
4579
7047
7317
5520
468
7564
9606
2058
7757
6738
9045
2704
9122
749
5623
8690
9199
6750
2088
3663
7437
1776
8964
1683
9165
6567
9647
6741
5620
3320
6453
5162
3509
9576
2195
3121
6155
6754
1642
8835
9232
9049
6537
9269
7561
999
428
7176
4781
836
4667
7099
5577
5495
6505
3705
7601
8504
5559
1806
4885
997
5655
2717
4819
9933
3756
9352
2546
970
779
9347
3790
674
1625
1726
9154
381
7717
6033
8199
3052
766
7393
9807
5570
7854
2262
3736
8632
7503
2788
3149
4268
3658
9498
2796
4895
4209
4989
8764
6277
9557
8480
7502
4860
1241
1789
7184
645
5719
7816
5489
4268
7126
3498
2507
3945
5681
9942
5273
7869
8299
8163
9991
7271
4458
7546
8424
7528
5825
2026
3180
1747
4083
5535
4605
9226
1003
1575
2424
5526
9980
106
6905
4997
6771
6457
3343
6990
9188
6573
2181
7625
7152
5708
1266
8173
2422
2446
3530
3633
7773
1528
9016
5
6566
7707
5907
2772
9678
6290
8265
8675
2298
4427
845
918
414
4369
9661
401
5489
5935
1248
2737
966
2317
5111
7682
3787
3316
2783
8846
9380
7583
2647
4485
9210
4308
2875
313
4296
2864
3816
371
8650
7631
3105
7558
8471
4627
7075
5705
90
6091
3342
2688
3914
916
9653
447
9915
9227
4520
673
8516
5203
9624
3673
8977
1224
406
4564
1772
5405
9593
1535
9303
2338
9534
9965
1287
4566
8855
743
7662
4124
5506
8588
4930
8394
7407
3873
8429
2273
2573
4387
5135
896
3610
2281
6925
2749
8406
5510
9218
7863
7526
1872
1313
4337
5408
7864
6748
5241
7743
3379
9868
8178
4005
6246
5077
3206
4245
4699
5543
2885
6115
9123
3071
5150
234
1897
5272
4060
3513
7839
8456
6916
1481
5950
1122
8543
182
8705
3708
4353
9963
8717
6602
2380
8492
1320
8776
703
223
6208
9056
7878
1614
3230
3
7363
2522
7018
7058
7794
5079
647
1646
2507
2972
4026
1735
1891
1180
8591
9807
7033
2615
8563
3537
5743
8176
4172
370
615
3814
6189
2166
3569
4767
8588
1112
665
5900
8116
9385
4458
1711
8378
64
2453
8468
681
8361
9133
4410
5611
985
2629
3631
1269
7795
8677
1351
1971
4469
562
2267
1909
3967
4456
3638
8265
1617
2655
3001
5580
6356
7845
1864
949
2764
7698
3012
8194
3225
2787
929
6044
2893
7642
4284
4218
328
4093
6048
859
2259
7514
1291
8404
5826
5035
374
9867
7759
2307
4048
3268
5780
8987
6043
2275
7233
2433
2840
9120
5812
804
9808
2835
1297
3970
4547
4549
8931
5631
5962
8628
1165
7553
1465
3188
7069
3808
1923
2631
9569
92
6442
5803
4491
3560
1152
6029
1265
5301
4944
3972
2607
9847
3058
6432
2570
1191
32
2291
1079
3629
2242
2767
8606
9593
265
7633
6793
4079
3014
1232
9649
8233
8881
9755
7027
8403
3246
8191
8002
6797
8251
7929
4557
6051
1534
7228
8434
808
7989
3508
5372
2085
3983
3790
2708
7296
2425
7497
4747
1251
8442
3152
3437
1487
5115
9143
6373
9030
1310
28
8214
7211
7000
9899
3797
7901
5079
9648
8383
2080
323
8675
1182
4927
1622
3807
1982
8234
5555
7115
5345
3451
8694
2709
2361
2653
3652
4129
5956
3883
8144
9301
5356
2840
8679
977
5189
2569
264
5527
4326
4647
7078
8092
2765
7274
2569
5641
7108
5141
1153
835
3643
5515
1868
9709
8646
7895
2291
2783
4007
4360
6612
3396
6629
5208
8094
6357
7077
5180
5651
3491
2792
617
357
4554
8821
9363
6557
8713
937
5973
1271
4445
3953
2099
1643
3383
3681
3886
8464
7436
1973
3388
8837
9047
3194
3392
7853
8780
1073
5048
9889
5385
3255
2567
8857
3616
4188
9378
3175
7821
1374
5737
7419
588
3602
3952
6709
7607
266
4262
6316
6253
1063
3639
3340
3524
173
6652
9095
3480
1368
1817
4796
5941
9539
4328
117
2180
5685
73
2625
8013
9562
7463
1500
2901
3061
3550
5961
7435
9508
3340
3528
1921
4363
7041
8048
5967
3340
2582
8932
9584
2606
6423
6832
2402
3368
5355
6014
7309
8621
1312
7318
4966
6743
2337
4259
1424
1923
8274
6923
4065
2371
8016
4247
5517
1033
8689
3014
6100
6183
5359
4475
9532
2280
8436
7016
2569
7714
7259
7377
4209
9023
5291
1927
1539
8993
784
450
543
9696
8895
6746
1300
8809
5104
7354
5337
1258
5361
283
3907
7688
3889
4162
1288
9562
2177
6428
4064
1192
9822
7534
3368
9178
5628
7783
4737
4896
768
5538
708
1596
9835
5789
3849
2086
8892
5400
3658
6375
8753
6141
6842
6086
7233
9064
3513
4126
94
1371
1714
809
8781
2816
5363
3906
4051
9087
3419
38
7244
3278
589
7650
5642
177
427
7057
7770
4858
4158
3331
2221
2656
2510
9814
2885
6659
4412
3204
3546
2883
9410
8414
5507
7814
1132
6213
9055
5810
7730
6227
2848
2250
2827
7314
5777
9980
1364
6970
1803
1794
508
1940
7251
8932
3035
3965
9870
1133
3250
2139
6332
4049
3104
9340
5481
2477
9065
8195
9055
6026
891
1845
5228
20
4524
8146
5487
2808
9563
4618
9987
2198
7732
3680
5301
4151
3107
3052
5102
7685
7672
4525
7632
6371
4844
6257
6082
1840
4667
9853
3663
9799
9621
4320
891
8779
132
2597
1539
960
974
9071
6047
6986
8065
4455
2937
8014
2294
5426
5442
621
7533
4362
2433
4948
3619
8102
6630
4392
1945
181
1560
437
880
4463
3406
9318
8128
4620
7199
4073
9093
4835
1907
764
9029
1223
6192
6746
2929
8742
9908
9524
7838
8517
1667
2680
6927
4686
8235
2338
7496
2164
4376
4465
6793
7117
5603
9159
2321
7631
6940
8297
9965
6425
705
4541
8672
8483
8099
156
9239
4170
5781
1985
8606
1642
5754
8735
6534
1201
6549
7633
1289
9118
1272
3911
8574
9056
8904
2616
7308
3817
5026
2960
8537
3874
8497
7409
4269
9921
4056
2515
6825
4016
9089
5842
5003
3390
1597
6605
1542
853
3872
57
3725
2844
6523
5366
665
4798
7938
3551
7524
9094
7476
2557
4365
8581
3503
1282
1348
4423
6976
256
4805
609
7761
2933
5129
3298
3560
4426
6553
2298
1465
9791
5767
5900
9737
3080
5902
8494
2480
524
5112
8585
7039
8762
6670
7834
4890
5036
6515
9091
2281
2284
576
9928
2117
9057
1921
952
8567
9362
3526
3967
7194
3320
4156
1928
2885
8305
4776
4495
1067
2309
1724
6716
538
4177
145
9013
7889
9357
7708
6813
8615
6949
555
6055
3478
4536
7013
5446
2585
3902
4251
6833
2717
4414
5279
978
270
9320
5459
8705
8213
9340
6470
5659
2270
9841
1307
2174
3164
9346
840
319
5664
5264
4606
573
7163
6045
4471
1781
1560
7268
7054
4110
7051
9895
4783
6831
1988
1390
4036
4265
1559
8329
729
4191
1669
9432
8317
2960
8927
4008
7670
8760
4998
6173
425
745
4507
3771
4511
3782
2712
7727
1508
6680
7087
9301
478
5264
1432
7376
1047
4377
5610
7012
8401
2682
356
9861
221
5667
6973
9922
9377
4827
8376
2143
1227
3517
8446
9241
5637
3753
2485
9630
4424
7880
3789
8897
5346
7909
2515
8403
2559
7922
20
7707
4624
2470
2290
9136
8102
2143
5728
4944
9260
6422
2342
830
3513
8226
5432
4548
3368
3670
2753
6497
7993
4631
795
1325
8912
4197
8838
8916
1467
9618
4564
3254
4735
5696
55
3466
8785
4693
1646
9616
7257
5317
103
5328
6142
9551
8942
7492
3640
327
7968
7919
6395
7297
9984
6261
5257
965
9373
468
5781
3717
4634
2448
6649
3030
8366
7403
2007
703
2727
4253
8191
7372
4864
8985
8239
8217
4665
6248
3351
6309
1371
5494
3922
9933
2109
1353
2754
8310
819
8460
4793
5094
8600
5680
9652
977
5708
2977
4531
5038
4731
3544
9912
2060
3939
3215
6314
2430
5696
8518
9560
1650
1572
2903
8723
5776
2511
3972
7618
9653
3427
4177
1329
1993
8011
6072
5057
1549
3357
7809
9474
448
5324
545
6667
6604
4823
4000
991
5132
7052
1989
8652
5119
378
7399
6060
4924
4998
7033
5582
6407
8963
2200
9861
3431
6234
8578
9695
824
8504
9705
4967
9505
2759
5112
4924
2178
1809
9982
536
7387
9049
7595
6130
2304
9770
6829
2269
6971
6319
7947
7134
1505
7383
4307
891
8470
4405
9582
9165
4083
4435
4833
8325
7227
3547
9059
3119
3270
3243
1552
1221
7165
9958
2380
8484
707
2402
235
8696
7359
4393
3456
7683
3766
326
2183
3996
4591
4935
6330
9751
8511
5169
7200
3553
7451
3322
4461
1243
9225
6607
7931
9821
1747
1802
9439
42
4495
7538
2913
9948
2357
6678
1130
9904
4286
6454
7196
9570
5878
3567
2185
7000
5539
8741
1567
53
1027
3516
3436
8407
1740
3016
8881
9686
1762
4930
6642
5356
5734
7299
9349
7812
8725
4812
5109
8493
3937
320
4868
8528
7319
5510
3844
6589
4413
1936
9740
2261
6826
1737
73
931
7063
3154
7814
9098
5482
4552
8301
5828
1440
9304
9390
8314
9605
5398
5561
5766
768
7306
3256
9014
6735
9022
7279
2015
7605
4820
399
4131
5842
553
754
4044
237
9875
5338
5607
2210
146
5783
485
9416
8140
2230
4058
8337
6513
8293
5066
2072
8984
316
9475
8325
62
9473
8997
3887
8692
8018
314
6764
2761
453
4478
15
6598
3628
5712
5253
2787
479
5520
8318
1925
3029
781
108
502
2903
6955
9239
1246
8796
3313
4715
5044
3821
5854
8685
7059
4890
8948
7284
938
4919
9182
2523
443
1688
6931
2326
2360
7586
1480
3368
386
3546
7789
31
9143
2851
8895
5972
4142
9141
4379
3844
3605
8282
7410
3058
4704
631
4175
2880
2281
4040
914
9447
2780
7680
7142
9152
9500
2168
4447
8216
2093
8909
9981
2326
8315
8323
1390
1211
4937
1873
812
4606
6380
8843
2789
6867
6764
9373
7424
9492
3930
7860
2444
5588
640
8214
6922
38
6722
7634
401
9767
8393
3302
3015
7527
241
9186
4166
992
3269
7856
8254
389
5621
5560
2305
683
2904
3500
6423
9890
2453
9994
5930
5353
3125
1687
9424
3888
4901
1332
7737
3771
3293
6359
3506
7213
9993
9849
9154
277
4683
4394
4073
6633
9069
8138
7242
1522
6169
4306
7533
2645
6643
6274
1442
5805
2042
403
4256
1024
6286
8864
9281
5095
8529
7189
5531
7346
5122
1978
118
9931
3565
1442
921
4640
3336
294
7951
4608
6223
9665
3286
7816
9180
4147
7597
2077
1996
9906
2042
2329
4021
9176
2158
3429
4343
713
6980
6220
5343
5694
5048
1954
9301
2735
4544
1393
2334
5983
5031
9625
8437
4285
2004
8495
9097
9320
1691
378
7427
3628
2534
1692
6375
7527
5868
3545
5968
652
5887
7485
1759
1815
2509
1689
5129
9847
2253
5769
1158
4041
4739
2668
7945
3543
4214
5521
4529
9111
4791
11
2406
1309
308
8145
88
562
7066
8992
6105
185
7468
8554
4970
525
282
3451
6123
8911
9127
1927
4994
4085
1693
6223
7492
3603
4443
7395
5511
1663
8776
9848
7213
9225
9327
6614
2295
1412
8460
6056
2358
9613
962
7203
8019
6861
8401
7780
5546
6866
8934
8
9296
2989
2690
8598
6733
2214
5712
7972
212
1244
1981
7334
7628
2055
3417
8174
9977
2483
7426
2600
8505
5030
3182
7285
1671
982
4128
4078
8346
8400
7660
8064
2755
2237
6094
3434
9195
9032
891
7931
3537
6894
6397
7271
7068
8525
5811
9888
6329
4521
4780
9905
6102
4658
4913
3843
4152
4205
9538
697
9415
780
3998
2628
5104
4628
4181
7851
8131
1483
4393
4378
6709
6566
1761
623
3262
5259
2744
8004
6773
9768
9725
2570
8991
5867
9627
853
7711
8745
9958
302
986
8614
4352
5424
4538
9630
2767
4127
5453
8517
2621
4558
7926
3488
7697
4451
5214
1223
3457
6467
3349
7081
3774
1826
4403
3167
7798
7361
5489
4204
1910
934
7611
878
3907
9543
6385
5221
1336
6196
442
4057
5391
3768
1097
17
7469
9792
6486
8388
7542
8039
9219
5073
2036
9713
2732
3458
8732
7474
7633
2486
6859
1398
210
3262
752
4222
4464
1198
5684
448
3374
2344
5985
3453
7471
1944
1181
3932
3155
4973
5823
2790
2808
2519
6779
6526
1049
6066
228
3518
693
1787
5877
3702
4521
9505
7998
95
2165
5369
5536
9537
7360
3578
1388
7274
5749
8930
2897
9383
8537
0
7022
5206
3214
7135
3703
7699
719
2610
9724
7969
8171
3521
5154
9884
8170
5459
7324
8372
9012
6316
7428
5807
6422
9936
7090
1127
6024
7978
9360
4776
5704
7074
9375
9648
6956
4668
6254
535
4892
2327
5269
7957
3599
1105
4056
5287
8826
7489
8099
2081
6309
53
8135
7905
6897
475
6494
1961
4403
488
1384
1424
2620
7785
509
8535
5918
9631
7001
4691
4576
1713
7360
644
2194
3174
1777
1700
2767
3115
5314
6862
8273
906
8652
56
4160
7982
1902
8610
1435
5359
5273
8036
7628
1218
2613
2746
9420
8442
7204
1650
2348
8271
3107
4261
3573
7664
4135
3674
942
5722
1059
4712
1718
3330
4476
4564
9899
1434
4648
7001
4966
6287
6492
1905
4073
3968
5460
4435
8015
9901
4504
5586
5715
2436
1983
1399
7760
3622
4623
8329
7582
3709
953
9086
4574
8638
8491
8709
61
2754
4218
6516
4248
2151
9100
123
4914
9442
9418
3104
4009
3649
4173
5978
1940
3834
3058
308
8299
9886
3856
2562
4759
2986
3306
641
3659
1136
834
8701
3303
6149
2542
5477
3526
8497
2018
7856
4187
1224
8278
2791
8749
5579
5963
4874
8597
2683
9705
737
3514
5845
3841
9832
3408
7857
5437
2161
9695
1490
5028
2860
8433
9772
4737
6023
4240
3656
3662
1610
4946
9595
281
4687
6770
4494
1137
8043
3266
8419
2033
1714
2662
317
5829
3607
9791
5821
5964
9163
8404
5546
1300
8623
8760
8132
7908
7359
5407
5367
9233
207
9721
9103
7813
2678
376
2034
1285
6281
2025
1637
7387
210
3394
515
9990
9664
6
7159
4843
3759
5743
7599
2149
2224
6612
5688
1530
7351
9149
9917
8273
9823
236
4467
8873
8436
2328
279
8988
1321
2292
5708
5367
3880
1915
1310
9552
398
1637
9817
723
1279
9582
176
4045
3698
650
6271
4871
4596
6345
8470
2232
7380
6717
5981
9062
1907
2298
6425
7891
9375
1964
7364
8742
895
8468
8734
2889
287
3037
5171
2543
2751
8735
5616
5325
7456
419
9175
2762
2798
5806
7541
6319
9873
6443
2381
2596
5110
4972
717
6426
4270
8886
4708
1216
6358
7669
977
9484
6350
7799
9770
654
3972
9192
6583
632
2680
996
5641
1537
2169
3258
4014
9833
6173
3126
6270
7744
4886
8687
8117
901
740
8805
4717
9396
5953
9071
7863
7255
6610
4873
8711
7559
1003
2694
4534
9367
68
9812
9154
3316
4007
2867
9541
3857
1136
9447
9435
3866
8832
7557
9156
6769
1937
8238
166
1395
5234
2451
9605
3125
8593
9393
5151
6427
6603
42
5609
9124
843
2600
2572
4637
7883
8840
9712
792
2077
9413
9179
806
1589
6587
2232
5449
4775
7768
3569
2062
8590
1833
8101
1939
2080
758
1690
5882
4464
4442
6669
9938
1110
2365
3298
8034
1357
2488
4833
3111
4624
9819
6509
5313
6800
4065
4627
132
3622
1283
7734
6224
4997
2669
3176
3154
5446
7006
5904
3971
2043
5717
4690
2250
3371
9035
2462
9496
5753
6129
8042
901
6075
2172
2656
942
9323
7251
4669
371
3731
6203
9072
7977
2400
8053
9629
7482
1867
6768
5860
1896
1334
4870
5377
5425
7808
3448
9766
7267
9863
7467
8222
5679
886
2849
4007
3743
6172
7159
1295
134
8766
896
2691
8888
868
3005
2340
9488
5272
4926
3726
6399
227
4832
9137
9339
4106
7729
2188
6442
2289
8053
2285
7952
4111
6780
5080
3881
1416
2862
5468
5424
3516
3495
9035
2285
1844
6480
8006
2635
8890
2729
5194
6941
701
6148
1468
227
1486
4803
8079
6413
8331
2919
6527
3888
1171
6162
6931
1506
7799
5789
2846
5188
5946
1586
6385
5783
5137
3367
417
5712
8168
2563
2367
8626
9637
8034
2895
7583
7103
2470
9117
864
1829
7451
8148
7563
1667
1561
8215
8232
7170
5422
4205
2489
6704
4082
4798
3046
3390
8004
2609
3009
7945
4027
1874
487
7744
1429
7832
3367
1452
8184
4183
3551
737
1254
8310
989
2287
3475
3709
2098
5554
2815
1054
4310
1321
9619
6401
5206
8804
9636
3411
2839
1018
4779
9116
8835
4590
2349
8702
7354
4546
3260
4045
3799
8817
9524
5909
6101
4282
8561
4449
6644
7746
3926
2593
8023
9905
8646
9709
264
3325
5163
5983
998
4382
5818
7191
5854
1369
6710
3188
3594
1550
7040
8978
8261
4446
3643
8967
4209
892
5372
6259
9980
5194
9373
493
3624
4675
6299
4324
5636
3477
3964
9835
1177
38
2613
3158
4669
8634
5228
9094
2908
8509
9324
906
1026
2454
9238
7932
3035
565
3703
3748
2631
7509
6357
5564
9559
6234
4430
982
2955
8560
4908
4780
4015
4751
6726
3168
4529
3398
7781
7216
5915
5879
8095
7266
803
9538
8610
2297
296
5789
3960
8375
8220
5996
8243
9979
8041
239
5803
5402
6115
9945
6691
1876
5426
1350
5046
1972
1764
7750
4037
443
132
955
9202
6771
6135
2909
8549
4399
3934
6394
8489
8889
261
6801
5271
9130
1151
436
1845
8452
3021
7028
9491
1378
7538
3080
8850
6279
7694
5917
2067
9342
3381
7343
2691
4899
6249
2097
8643
8076
7958
5134
7346
1676
7975
4177
8653
7456
4730
2649
5609
8084
1832
666
9755
881
3822
9239
7883
7606
3917
9764
8690
4272
2665
9297
286
483
5473
5404
9421
8518
4495
9060
2661
5737
5365
1422
8115
4165
6748
9284
9899
9513
1748
9111
8367
6572
2118
4218
4282
7008
464
2156
6297
6741
430
3667
6528
7550
2380
2988
8826
9862
6689
5219
5399
2716
2428
9585
6038
148
2101
683
5317
5313
3753
9758
5100
2762
2438
9205
7781
5137
8378
6868
3406
9976
1939
3298
2214
6578
6989
6222
8536
8739
1926
2469
7275
6940
5698
5017
5645
3423
5728
7139
2648
1533
5504
6791
3376
6815
9203
3791
5697
4150
6705
5251
748
2749
6606
4664
984
3064
5080
8180
5243
4067
8817
261
5090
3104
5329
593
6262
1638
2627
9070
5670
3881
2857
5936
7067
2988
9382
7329
9491
57
3212
7709
7172
6228
7605
6170
5257
8134
5625
293
2362
6209
2566
2688
4924
6495
2754
7713
433
31
4317
9257
4164
8241
7573
6128
9678
8408
1759
3511
1847
5935
6887
8599
2931
9292
1983
8117
9958
8328
9068
2780
382
2615
6883
9399
3870
8564
8030
6738
9706
3243
1910
8523
4858
2655
1599
7868
4378
7979
6358
5460
7279
2593
9416
9707
7095
6566
7183
2704
8250
5379
3402
2542
9549
4504
4195
1285
9351
4933
2493
7394
3138
8400
3508
3059
192
8796
4650
1548
3577
6691
2354
5029
4399
8970
5211
9477
4885
3499
4715
208
7642
1808
6419
4489
9969
3426
688
9539
5004
1528
4034
1407
7744
2850
760
6176
86
2569
6992
2952
5832
6460
6811
5920
3890
2779
1514
5948
9498
9427
8803
1977
3132
6557
4867
1577
9587
2985
8286
3596
8467
4582
2119
8024
9365
1718
4749
2226
3362
2930
3117
7193
3044
41
5350
2440
3460
8589
6109
8469
6064
2234
3673
9378
6775
8754
9160
5508
6707
8801
8154
7881
3248
79
298
4418
505
2104
1844
7886
8611
8666
403
7007
5374
2647
8471
1119
487
6742
3472
1466
2858
5838
6127
4143
7900
9051
9782
7525
4943
8520
7001
7093
3939
8564
265
8913
1318
1627
400
1607
2598
2452
6199
1372
7745
4892
2549
9475
8390
8736
7535
773
7367
9434
1243
2140
6879
6386
7905
4315
2807
6453
376
7722
9090
9982
8457
3789
1007
305
1332
8165
8117
3914
6341
7859
285
4905
8520
3133
3074
5952
3974
7055
7590
1317
9172
8413
4714
6425
6903
801
846
6936
3784
2390
2910
1874
7645
5194
3986
3825
4187
2504
4770
9233
3638
4190
7903
4927
8332
9843
1378
2216
8968
148
7739
6496
8125
991
5626
8558
4408
6991
7319
1015
3341
3559
2875
9454
5522
9407
1887
2366
4781
714
4700
6545
5917
2804
5755
3352
8109
9964
1520
3077
2822
1822
5368
9908
1743
9019
9233
5387
5582
9815
1916
423
3525
5014
1894
4360
4938
3333
6894
890
3950
2536
1489
7994
934
1529
8350
3388
8240
8921
22
8337
2637
3212
5596
7893
5173
793
5715
9917
3796
4291
3396
9297
8584
2242
1827
9473
5847
6849
2256
1397
7504
1032
8229
5418
9081
7954
8789
6564
3118
7993
6126
4487
3272
7100
1601
2454
2341
5409
9132
4621
3229
3921
4011
4572
5790
2049
7575
640
4699
3557
6765
5166
969
4847
9656
6779
152
4765
5697
5784
3462
470
8761
5979
1506
192
582
9915
8818
1007
3701
3740
5890
4220
3686
9063
5316
3999
1539
6349
4429
9686
774
9104
7619
8507
5624
6098
4071
2414
3875
5129
3480
8049
5406
4987
5099
1452
4787
6573
2725
3038
1752
4797
7791
7556
3823
7539
7003
571
9355
7550
49
8811
5115
2523
9283
4705
1352
2163
7399
2416
2236
1606
6926
1477
9843
5314
6458
2457
568
252
4004
9317
7723
8321
3641
4884
9942
3251
2689
5185
3331
5343
2682
868
2151
2362
2585
2113
9236
6112
1946
1958
7600
1817
6930
7681
9946
7819
2075
3400
1363
699
5398
2059
132
5186
6100
5851
165
8674
5580
2125
6980
9597
930
5779
4705
704
9367
5097
7545
675
89
7263
208
2415
6586
919
1710
5522
5449
2617
1652
927
1984
2987
1774
8356
7062
6453
9952
4231
140
1668
4874
2240
1146
2680
8238
9009
758
8513
9659
3103
90
854
2394
7187
8476
7616
800
673
5752
8422
885
1442
7420
716
4611
9365
6535
4060
2812
9389
3412
8358
5864
2585
8595
3106
8582
9939
3144
1879
38
6551
621
812
5450
2509
1558
8557
7355
5268
8367
5079
6033
6227
6368
7008
2468
6078
9980
2470
7229
306
577
1407
7480
858
620
1176
3809
7986
4735
9606
2234
9783
7510
461
6376
5628
1530
3583
6879
9635
58
5065
7035
9797
9653
3328
2642
2227
1604
610
3855
5754
2162
3381
1055
7254
3076
4741
5820
9409
8769
1343
660
6087
9769
5855
1697
3866
7757
9903
9687
9944
8093
3625
3644
57
7307
6870
4776
7531
9292
9775
5046
7182
6846
1115
4510
2930
9294
6596
9326
3905
794
8966
5793
4734
2572
3314
8659
2919
7644
813
3958
8995
6117
4524
2151
8549
274
5265
4216
3408
4312
3005
1320
4949
1471
4073
8308
9248
3167
6462
6519
7907
7310
374
1298
2242
767
4637
1358
2072
3048
270
5448
4527
7378
3768
5524
7520
2734
8284
1969
3778
3187
346
1534
6008
5894
5717
3081
9009
8087
9194
7240
1513
9741
8702
1885
8988
5187
9417
2517
408
3454
2242
569
2526
5169
4543
1728
874
1376
4804
2000
8920
565
9598
1943
1707
4213
4375
4278
3082
869
3502
7314
845
5898
6428
6322
5344
